OBJ03791_PS3_K3A_NIA0158 0.399276226759 919.4 125.3 919.4 179.0 865.4 179.0 865.4 125.3
OBJ03791_PS3_K3A_NIA0158 0.313152521849 424.7 233.2 453.6 253.8 433.0 284.6 404.1 263.9
OBJ03542_PS3_K3A_NIA0148 0.228035286069 669.5 880.6 669.5 916.1 630.8 916.1 630.8 880.6
OBJ04571_PS3_K3A_NIA0301 0.194910362363 372.2 366.0 393.7 389.0 366.8 410.8 345.3 387.8
OBJ05137_PS3_K3A_NIA0334 0.424410074949 182.7 478.0 182.7 618.3 25.2 618.3 25.2 478.0
OBJ03991_PS3_K3A_NIA0166 0.219619467854 392.6 322.9 392.6 384.0 328.6 384.0 328.6 322.9
OBJ04103_PS3_K3A_NIA0174 0.630018413067 842.2 945.5 892.5 985.9 848.3 1039.7 797.9 999.3
OBJ05358_PS3_K3A_NIA0346 0.483541131020 157.3 92.3 157.3 159.6 88.8 159.6 88.8 92.3
OBJ03737_PS3_K3A_NIA0156 0.322020143270 445.2 815.6 445.2 863.4 398.2 863.4 398.2 815.6
OBJ03737_PS3_K3A_NIA0156 0.196312040091 368.0 984.8 368.0 1031.0 299.1 1031.0 299.1 984.8
OBJ05272_PS3_K3A_NIA0342 0.237694770098 341.1 575.0 341.1 628.7 287.1 628.7 287.1 575.0
OBJ05367_PS3_K3A_NIA0346 0.341938108206 215.1 475.4 264.3 516.3 219.4 568.5 170.1 527.5
OBJ05778_PS3_K3A_NIA0368 0.397223234177 185.2 54.3 185.2 104.0 128.8 104.0 128.8 54.3
OBJ05778_PS3_K3A_NIA0368 0.297054290771 355.0 913.1 355.0 953.6 312.4 953.6 312.4 913.1
OBJ04092_PS3_K3A_NIA0174 0.225981533527 312.3 448.3 359.2 486.2 314.0 541.1 267.0 503.2
OBJ05261_PS3_K3A_NIA0342 0.235494926572 667.0 195.4 667.0 242.0 617.6 242.0 617.6 195.4
OBJ05604_PS3_K3A_NIA0357 0.258400768042 70.4 236.5 70.4 308.0 15.9 308.0 15.9 236.5
OBJ03801_PS3_K3A_NIA0159 0.632638752460 148.2 364.4 148.2 545.7 -33.2 545.7 -33.2 364.4
OBJ03781_PS3_K3A_NIA0158 0.713865995407 919.9 416.7 1040.4 521.6 932.3 640.8 811.9 536.0
OBJ03781_PS3_K3A_NIA0158 0.264616400003 260.3 871.0 260.3 912.4 216.3 912.4 216.3 871.0
OBJ03649_PS3_K3A_NIA0153 0.610012173653 775.9 466.4 894.9 566.6 780.2 698.5 661.3 598.4
OBJ05170_PS3_K3A_NIA0338 0.238376438618 361.7 594.4 361.7 624.0 330.0 624.0 330.0 594.4
OBJ04106_PS3_K3A_NIA0174 0.567460179329 362.4 651.1 362.4 704.1 307.2 704.1 307.2 651.1
OBJ04106_PS3_K3A_NIA0174 0.273820340633 707.0 733.5 707.0 779.6 661.1 779.6 661.1 733.5
