OBJ04934_PS3_K3A_NIA0324 0.472809880972 113.5 624.3 113.5 701.0 42.3 701.0 42.3 624.3
OBJ04934_PS3_K3A_NIA0324 0.413104534149 494.1 217.5 548.7 231.6 534.8 276.4 480.3 262.3
OBJ04934_PS3_K3A_NIA0324 0.398463338614 628.4 164.2 679.0 182.4 657.7 233.0 607.2 214.8
OBJ04934_PS3_K3A_NIA0324 0.321946591139 515.0 168.6 559.1 187.6 539.3 229.9 495.2 210.9
OBJ04934_PS3_K3A_NIA0324 0.277831822634 573.1 194.9 610.3 202.6 606.5 217.0 569.3 209.3
OBJ04934_PS3_K3A_NIA0324 0.244161620736 271.9 282.8 288.5 297.6 270.8 316.5 254.2 301.7
OBJ04934_PS3_K3A_NIA0324 0.241105332971 100.7 365.9 100.7 426.1 38.9 426.1 38.9 365.9
OBJ04934_PS3_K3A_NIA0324 0.230296775699 696.8 210.2 706.7 213.3 697.9 241.7 688.0 238.6
OBJ04430_PS3_K3A_NIA0290 0.556198716164 551.9 689.9 562.9 719.2 535.2 731.2 524.2 701.9
OBJ04430_PS3_K3A_NIA0290 0.552861630917 744.7 570.3 757.9 592.2 731.4 609.6 718.2 587.6
OBJ04430_PS3_K3A_NIA0290 0.532431244850 454.5 771.0 462.8 803.5 429.9 813.0 421.6 780.6
OBJ04430_PS3_K3A_NIA0290 0.508615076542 817.8 562.9 824.4 589.9 793.2 599.1 786.6 572.1
OBJ04430_PS3_K3A_NIA0290 0.493468791246 690.1 610.7 705.1 636.1 677.0 651.4 662.0 626.0
OBJ04430_PS3_K3A_NIA0290 0.344297975302 274.2 828.5 285.3 853.3 268.3 862.5 257.2 837.7
OBJ04430_PS3_K3A_NIA0290 0.265467673540 184.0 863.3 193.4 885.1 173.7 894.8 164.2 873.0
OBJ04430_PS3_K3A_NIA0290 0.214561507106 306.4 768.9 314.7 788.0 295.0 798.0 286.7 779.0
OBJ03511_PS3_K3A_NIA0146 0.458134323359 961.1 651.5 961.1 717.9 906.0 717.9 906.0 651.5
OBJ03511_PS3_K3A_NIA0146 0.406503915787 1017.9 660.8 1017.9 731.8 970.7 731.8 970.7 660.8
OBJ03511_PS3_K3A_NIA0146 0.372771561146 126.9 444.6 126.9 500.6 67.6 500.6 67.6 444.6
OBJ03511_PS3_K3A_NIA0146 0.275387525558 541.2 427.6 541.2 495.6 479.5 495.6 479.5 427.6
OBJ03511_PS3_K3A_NIA0146 0.253159314394 486.4 511.5 503.8 537.1 487.8 548.2 470.5 522.6
OBJ03698_PS3_K3A_NIA0155 0.373422414064 507.5 490.6 523.8 501.7 511.1 516.8 494.8 505.7
OBJ03698_PS3_K3A_NIA0155 0.181143790483 519.0 593.0 534.9 609.0 526.0 616.1 510.1 600.0
OBJ05492_PS3_K3A_NIA0166 0.214056909084 66.2 -18.7 96.6 36.9 44.8 66.9 14.4 11.2
OBJ05492_PS3_K3A_NIA0166 0.203221306205 317.2 586.3 439.5 610.7 415.2 719.4 292.9 695.0
OBJ05492_PS3_K3A_NIA0166 0.199774309993 82.9 132.8 95.3 196.9 14.3 213.7 1.8 149.6
OBJ05492_PS3_K3A_NIA0166 0.193051770329 702.9 939.9 743.3 1012.4 650.9 1062.0 610.5 989.6
OBJ05492_PS3_K3A_NIA0166 0.182896867394 104.7 539.3 110.2 548.2 87.0 562.5 81.4 553.6
OBJ04038_PS3_K3A_NIA0170 0.217100173235 959.1 512.6 976.2 557.5 933.1 571.4 916.0 526.5
OBJ04871_PS3_K3A_NIA0318 0.553250014782 638.6 497.1 638.6 572.3 551.9 572.3 551.9 497.1
OBJ04871_PS3_K3A_NIA0318 0.514543890953 725.3 499.4 725.3 573.9 643.5 573.9 643.5 499.4
OBJ04871_PS3_K3A_NIA0318 0.383211135864 204.1 675.9 204.1 705.7 177.9 705.7 177.9 675.9
OBJ04871_PS3_K3A_NIA0318 0.344651699066 55.9 846.9 55.9 885.3 29.0 885.3 29.0 846.9
OBJ04871_PS3_K3A_NIA0318 0.307084769011 344.1 672.5 344.1 723.4 293.7 723.4 293.7 672.5
OBJ04871_PS3_K3A_NIA0318 0.282348841429 835.5 542.4 835.5 567.5 814.9 567.5 814.9 542.4
OBJ04871_PS3_K3A_NIA0318 0.222172036767 89.1 869.4 89.1 888.6 66.6 888.6 66.6 869.4
OBJ04871_PS3_K3A_NIA0318 0.188120707870 788.3 511.6 788.3 558.4 755.3 558.4 755.3 511.6
OBJ03837_PS3_K3A_NIA0161 0.609586596489 503.6 492.8 532.2 510.4 515.0 537.5 486.4 519.9
OBJ03837_PS3_K3A_NIA0161 0.587917625904 412.7 476.7 425.5 490.0 403.0 510.7 390.2 497.5
OBJ03837_PS3_K3A_NIA0161 0.439246654510 932.2 947.5 954.6 960.8 945.8 971.9 923.4 958.6
OBJ03837_PS3_K3A_NIA0161 0.420382976532 446.0 445.5 456.9 455.4 434.5 477.9 423.6 468.0
OBJ03837_PS3_K3A_NIA0161 0.408938914537 16.5 243.0 40.1 258.6 28.4 275.2 4.8 259.5
OBJ03837_PS3_K3A_NIA0161 0.391043096781 394.2 459.6 403.2 469.6 380.2 487.6 371.1 477.6
OBJ03837_PS3_K3A_NIA0161 0.379148393869 383.5 403.9 397.1 417.2 377.4 440.3 363.8 427.0
OBJ03837_PS3_K3A_NIA0161 0.368431776762 468.8 353.5 482.4 366.4 454.1 394.1 440.6 381.2
OBJ03837_PS3_K3A_NIA0161 0.339787274599 493.5 379.4 510.8 396.6 498.8 407.5 481.5 390.3
OBJ03837_PS3_K3A_NIA0161 0.336388677359 483.5 476.9 491.9 482.7 479.2 500.5 470.7 494.6
OBJ03837_PS3_K3A_NIA0161 0.334984242916 929.9 988.5 947.1 1000.0 938.3 1012.2 921.0 1000.8
OBJ03837_PS3_K3A_NIA0161 0.322841852903 413.5 419.6 423.9 429.3 402.2 452.7 391.9 443.0
OBJ03837_PS3_K3A_NIA0161 0.288373649120 401.4 521.1 416.7 535.9 401.5 550.1 386.1 535.2
OBJ03837_PS3_K3A_NIA0161 0.285038471222 469.8 468.9 479.4 475.8 468.0 494.9 458.4 488.1
OBJ03837_PS3_K3A_NIA0161 0.256949126720 445.4 496.3 453.0 503.0 434.1 524.2 426.4 517.4
OBJ03837_PS3_K3A_NIA0161 0.218709856272 458.9 515.9 466.6 521.1 451.7 540.2 443.9 535.0
OBJ03837_PS3_K3A_NIA0161 0.209081739187 354.9 427.2 377.7 452.7 354.1 472.1 331.3 446.6
OBJ03837_PS3_K3A_NIA0161 0.205780476332 40.8 221.9 52.8 241.8 34.4 254.9 22.4 235.0
OBJ03837_PS3_K3A_NIA0161 0.201061546803 485.7 530.6 492.0 536.4 476.0 554.0 469.7 548.2
OBJ03837_PS3_K3A_NIA0161 0.191933944821 93.6 226.0 110.8 242.7 102.2 250.8 85.0 234.1
OBJ03837_PS3_K3A_NIA0161 0.190209627151 357.3 616.7 375.2 630.1 365.0 641.1 347.2 627.7
OBJ05367_PS3_K3A_NIA0346 0.182811871171 392.9 615.6 404.9 637.4 396.4 643.4 384.5 621.6
OBJ04669_PS3_K3A_NIA0312 0.345734804869 569.0 544.6 587.9 551.8 582.7 565.4 563.8 558.2
OBJ04669_PS3_K3A_NIA0312 0.332924544811 546.4 454.6 546.4 470.8 522.9 470.8 522.9 454.6
OBJ04669_PS3_K3A_NIA0312 0.331661969423 458.7 487.8 458.7 515.7 423.7 515.7 423.7 487.8
OBJ04669_PS3_K3A_NIA0312 0.289055228233 477.8 444.9 501.3 452.2 498.4 463.7 474.9 456.4
OBJ04669_PS3_K3A_NIA0312 0.270015180111 525.7 452.2 525.7 471.1 501.8 471.1 501.8 452.2
OBJ04669_PS3_K3A_NIA0312 0.251131117344 566.9 559.2 587.3 565.3 581.1 581.1 560.8 575.1
OBJ04669_PS3_K3A_NIA0312 0.188118264079 518.7 467.2 518.7 483.9 496.6 483.9 496.6 467.2
OBJ04669_PS3_K3A_NIA0312 0.181881576777 445.0 518.8 467.9 524.2 466.9 538.5 444.0 533.1
OBJ04092_PS3_K3A_NIA0174 0.404547512531 495.6 496.5 521.2 513.0 508.6 532.4 482.9 515.9
OBJ05297_PS3_K3A_NIA0343 0.428216427565 381.5 436.2 405.7 484.5 353.0 512.3 328.9 464.0
OBJ05297_PS3_K3A_NIA0343 0.426989227533 420.2 525.8 510.1 544.2 490.2 641.3 400.2 623.0
OBJ05297_PS3_K3A_NIA0343 0.417017877102 730.5 707.5 741.6 740.0 707.3 752.8 696.2 720.2
OBJ05297_PS3_K3A_NIA0343 0.352543622255 428.5 576.6 428.5 612.0 400.2 612.0 400.2 576.6
OBJ05297_PS3_K3A_NIA0343 0.342411905527 458.7 449.3 470.1 558.3 384.3 567.5 373.0 458.6
OBJ05297_PS3_K3A_NIA0343 0.334758639336 533.6 379.1 609.0 422.4 563.1 501.4 487.8 458.1
OBJ05297_PS3_K3A_NIA0343 0.328029960394 687.9 602.1 687.9 669.9 615.3 669.9 615.3 602.1
OBJ05297_PS3_K3A_NIA0343 0.324150830507 422.2 365.7 450.0 444.3 364.6 475.6 336.7 397.0
OBJ05297_PS3_K3A_NIA0343 0.282310336828 547.0 631.1 547.0 657.9 524.4 657.9 524.4 631.1
OBJ05297_PS3_K3A_NIA0343 0.263984799385 611.8 496.7 685.4 550.0 618.8 641.9 545.3 588.5
OBJ05297_PS3_K3A_NIA0343 0.253550171852 344.1 486.8 407.2 503.7 387.4 583.2 324.2 566.4
OBJ04027_PS3_K3A_NIA0169 0.564567863941 531.9 403.0 531.9 467.7 475.7 467.7 475.7 403.0
OBJ04027_PS3_K3A_NIA0169 0.479674756527 485.0 403.3 485.0 439.7 461.4 439.7 461.4 403.3
OBJ04027_PS3_K3A_NIA0169 0.418763697147 611.2 398.4 611.2 471.0 542.7 471.0 542.7 398.4
OBJ04027_PS3_K3A_NIA0169 0.394635945559 757.8 575.1 770.3 642.4 702.2 655.8 689.7 588.5
OBJ04027_PS3_K3A_NIA0169 0.351529747248 537.5 549.5 537.5 615.5 480.0 615.5 480.0 549.5
OBJ04027_PS3_K3A_NIA0169 0.327555209398 957.8 607.0 957.8 680.1 893.1 680.1 893.1 607.0
OBJ04027_PS3_K3A_NIA0169 0.237202838063 924.4 663.7 944.0 679.8 927.0 702.3 907.4 686.1
OBJ05342_PS3_K3A_NIA0345 0.369180142879 830.2 909.5 879.1 949.7 832.9 1006.0 784.0 965.8
OBJ05342_PS3_K3A_NIA0345 0.363814830780 289.0 570.4 289.0 650.7 219.2 650.7 219.2 570.4
OBJ05342_PS3_K3A_NIA0345 0.316875427961 823.2 507.6 879.9 551.4 842.2 599.0 785.5 555.2
OBJ05342_PS3_K3A_NIA0345 0.315089643002 922.2 919.2 974.9 959.3 933.7 1014.5 881.0 974.4
OBJ05342_PS3_K3A_NIA0345 0.293529540300 471.1 946.4 471.1 1013.8 411.5 1013.8 411.5 946.4
OBJ05342_PS3_K3A_NIA0345 0.290318012238 728.2 922.5 728.2 983.5 678.0 983.5 678.0 922.5
OBJ05342_PS3_K3A_NIA0345 0.287632197142 895.6 300.0 903.1 367.8 834.5 375.3 827.0 307.5
OBJ05342_PS3_K3A_NIA0345 0.228989571333 832.1 407.9 885.5 453.5 846.9 498.9 793.4 453.2
OBJ05342_PS3_K3A_NIA0345 0.207824736834 857.0 46.9 864.3 107.5 791.3 117.2 784.0 56.7
OBJ03906_PS3_K3A_NIA0165 0.524941802025 209.9 316.6 230.8 335.9 216.0 350.1 195.0 330.8
OBJ03906_PS3_K3A_NIA0165 0.486847579479 164.7 137.0 185.8 161.9 166.5 178.6 145.4 153.7
OBJ03906_PS3_K3A_NIA0165 0.441390365362 249.7 333.8 268.4 349.8 258.0 360.1 239.3 344.1
OBJ03906_PS3_K3A_NIA0165 0.429953247309 105.7 184.3 124.4 198.4 114.2 211.6 95.5 197.5
OBJ03906_PS3_K3A_NIA0165 0.408375740051 193.8 263.4 213.8 283.0 202.3 295.3 182.4 275.7
OBJ03906_PS3_K3A_NIA0165 0.400958418846 514.5 534.5 537.3 565.4 504.5 590.7 481.7 559.9
OBJ03906_PS3_K3A_NIA0165 0.372287541628 221.2 197.8 233.2 208.2 216.3 226.0 204.3 215.7
OBJ03906_PS3_K3A_NIA0165 0.360378116369 133.8 202.0 152.2 219.6 138.5 234.1 120.1 216.5
OBJ03906_PS3_K3A_NIA0165 0.358658939600 163.2 233.0 178.7 249.9 167.8 259.9 152.3 243.1
OBJ03906_PS3_K3A_NIA0165 0.352239459753 536.0 497.2 542.2 507.1 522.9 520.4 516.8 510.5
OBJ03906_PS3_K3A_NIA0165 0.350932270288 282.9 266.5 300.5 281.3 290.7 293.2 273.1 278.4
OBJ03906_PS3_K3A_NIA0165 0.328512310982 455.6 405.2 463.9 421.3 440.5 432.7 432.2 416.7
OBJ03906_PS3_K3A_NIA0165 0.325651377439 136.7 244.1 155.1 263.5 141.2 276.6 122.7 257.3
OBJ03906_PS3_K3A_NIA0165 0.315974086523 188.8 170.3 205.9 189.6 193.2 200.8 176.1 181.5
OBJ03906_PS3_K3A_NIA0165 0.303026765585 465.0 439.4 478.1 449.5 461.4 468.7 448.4 458.6
OBJ03906_PS3_K3A_NIA0165 0.284854292870 118.1 230.3 134.0 247.9 120.9 258.9 105.0 241.3
OBJ03906_PS3_K3A_NIA0165 0.282190740108 66.6 39.5 73.9 71.3 52.3 75.2 45.0 43.4
OBJ03906_PS3_K3A_NIA0165 0.279575526714 488.8 449.7 514.2 472.8 499.7 488.4 474.3 465.3
OBJ03906_PS3_K3A_NIA0165 0.255957692862 10.8 99.6 27.6 116.6 17.8 127.1 1.0 110.1
OBJ03906_PS3_K3A_NIA0165 0.248899787664 539.2 579.2 560.6 595.2 547.3 615.0 525.9 598.9
OBJ03906_PS3_K3A_NIA0165 0.214397117496 315.5 396.5 326.9 406.5 308.4 421.4 297.0 411.5
OBJ03906_PS3_K3A_NIA0165 0.206391394138 465.8 419.4 483.4 431.6 471.6 447.3 454.0 435.2
OBJ03906_PS3_K3A_NIA0165 0.206297546625 52.2 250.5 68.8 265.7 62.8 271.1 46.2 255.9
OBJ03906_PS3_K3A_NIA0165 0.187478318810 314.7 191.0 326.3 209.4 313.5 219.6 301.9 201.2
OBJ03906_PS3_K3A_NIA0165 0.185588568449 100.3 84.4 107.9 92.5 93.0 108.1 85.4 100.0
OBJ03906_PS3_K3A_NIA0165 0.183186158538 76.8 279.6 99.6 302.5 92.5 309.3 69.7 286.3
OBJ04937_PS3_K3A_NIA0324 0.211164087057 879.2 967.0 879.2 994.1 838.9 994.1 838.9 967.0
OBJ03472_PS3_K3A_NIA0142 0.483001917601 673.9 357.7 682.1 378.6 652.6 389.2 644.4 368.3
OBJ03472_PS3_K3A_NIA0142 0.430844932795 654.6 288.6 663.1 312.1 634.5 323.2 626.0 299.7
OBJ03472_PS3_K3A_NIA0142 0.421036779881 646.2 264.9 653.5 286.2 627.6 295.3 620.3 273.9
OBJ03472_PS3_K3A_NIA0142 0.392973154783 692.5 405.3 701.4 426.0 671.8 437.3 663.0 416.6
OBJ03472_PS3_K3A_NIA0142 0.385294169188 667.0 339.6 674.1 357.9 648.3 366.7 641.1 348.3
OBJ03472_PS3_K3A_NIA0142 0.373565316200 437.8 18.5 450.9 65.0 393.8 81.5 380.7 35.1
OBJ03472_PS3_K3A_NIA0142 0.307472884655 519.3 498.8 524.3 511.0 499.2 519.2 494.1 507.0
OBJ03472_PS3_K3A_NIA0142 0.255131334066 652.5 23.9 663.1 34.8 650.8 46.9 640.2 36.1
OBJ03472_PS3_K3A_NIA0142 0.218368619680 795.3 642.2 795.3 660.3 773.0 660.3 773.0 642.2
OBJ05270_PS3_K3A_NIA0342 0.187703892589 733.9 72.8 733.9 94.3 712.9 94.3 712.9 72.8
OBJ04022_PS3_K3A_NIA0169 0.236781984568 289.1 263.7 289.1 282.1 270.0 282.1 270.0 263.7
OBJ04022_PS3_K3A_NIA0169 0.223395586014 953.5 510.6 960.0 540.5 950.9 542.3 944.4 512.4
OBJ04022_PS3_K3A_NIA0169 0.222562775016 503.4 845.1 503.4 859.8 476.1 859.8 476.1 845.1
OBJ04022_PS3_K3A_NIA0169 0.184109717607 940.6 439.8 946.9 470.0 939.2 471.6 933.0 441.3
OBJ03518_PS3_K3A_NIA0146 0.592788517475 483.8 781.6 483.8 815.8 464.3 815.8 464.3 781.6
OBJ03518_PS3_K3A_NIA0146 0.527084052563 482.2 843.9 482.2 875.8 465.4 875.8 465.4 843.9
OBJ03518_PS3_K3A_NIA0146 0.506872713566 491.7 406.8 491.7 434.1 472.6 434.1 472.6 406.8
OBJ03518_PS3_K3A_NIA0146 0.496710747480 498.2 589.3 498.2 628.4 477.8 628.4 477.8 589.3
OBJ03518_PS3_K3A_NIA0146 0.488894820213 646.7 529.3 646.7 558.6 628.1 558.6 628.1 529.3
OBJ03518_PS3_K3A_NIA0146 0.470932692289 497.1 213.0 497.1 240.2 479.0 240.2 479.0 213.0
OBJ03518_PS3_K3A_NIA0146 0.460572123528 398.9 146.8 398.9 181.3 377.8 181.3 377.8 146.8
OBJ03518_PS3_K3A_NIA0146 0.459654182196 532.8 785.0 532.8 814.5 511.7 814.5 511.7 785.0
OBJ03518_PS3_K3A_NIA0146 0.455091714859 650.1 271.2 650.1 304.0 634.4 304.0 634.4 271.2
OBJ03518_PS3_K3A_NIA0146 0.442775189877 488.9 526.3 488.9 560.0 473.9 560.0 473.9 526.3
OBJ03518_PS3_K3A_NIA0146 0.441627681255 399.8 208.6 399.8 243.5 375.7 243.5 375.7 208.6
OBJ03518_PS3_K3A_NIA0146 0.434051513672 497.3 144.4 497.3 173.3 479.9 173.3 479.9 144.4
OBJ03518_PS3_K3A_NIA0146 0.422457993031 652.0 597.2 652.0 622.5 635.7 622.5 635.7 597.2
OBJ03518_PS3_K3A_NIA0146 0.413061738014 488.6 466.5 488.6 496.7 472.7 496.7 472.7 466.5
OBJ03518_PS3_K3A_NIA0146 0.409459501505 652.8 151.5 652.8 176.8 634.4 176.8 634.4 151.5
OBJ03518_PS3_K3A_NIA0146 0.403093665838 530.0 408.6 530.0 433.3 515.5 433.3 515.5 408.6
OBJ03518_PS3_K3A_NIA0146 0.398713022470 595.7 139.8 595.7 190.1 573.7 190.1 573.7 139.8
OBJ03518_PS3_K3A_NIA0146 0.391218304634 646.3 337.5 646.3 367.7 629.6 367.7 629.6 337.5
OBJ03518_PS3_K3A_NIA0146 0.384728878736 450.0 137.7 450.0 191.0 431.7 191.0 431.7 137.7
OBJ03518_PS3_K3A_NIA0146 0.365543544292 515.8 848.4 515.8 873.1 497.9 873.1 497.9 848.4
OBJ03518_PS3_K3A_NIA0146 0.361168920994 529.9 850.5 529.9 880.1 513.7 880.1 513.7 850.5
OBJ03518_PS3_K3A_NIA0146 0.352518290281 537.9 723.4 537.9 750.7 521.1 750.7 521.1 723.4
OBJ03518_PS3_K3A_NIA0146 0.344303488731 439.4 354.6 439.4 391.6 426.5 391.6 426.5 354.6
OBJ03518_PS3_K3A_NIA0146 0.343580245972 431.1 754.5 431.1 790.0 413.3 790.0 413.3 754.5
OBJ03518_PS3_K3A_NIA0146 0.340510219336 529.7 469.5 529.7 494.7 515.3 494.7 515.3 469.5
OBJ03518_PS3_K3A_NIA0146 0.334075719118 395.8 269.8 395.8 305.0 375.8 305.0 375.8 269.8
OBJ03518_PS3_K3A_NIA0146 0.324739813805 537.4 342.0 537.4 366.1 519.1 366.1 519.1 342.0
OBJ03518_PS3_K3A_NIA0146 0.311776429415 594.0 302.6 594.0 325.3 571.2 325.3 571.2 302.6
OBJ03518_PS3_K3A_NIA0146 0.308431506157 423.4 852.8 431.5 889.2 418.2 892.0 410.0 855.6
OBJ03518_PS3_K3A_NIA0146 0.308316260576 436.0 721.3 436.0 752.3 419.2 752.3 419.2 721.3
OBJ03518_PS3_K3A_NIA0146 0.299372047186 542.3 596.3 542.3 623.2 525.9 623.2 525.9 596.3
OBJ03518_PS3_K3A_NIA0146 0.297456681728 451.3 222.4 451.3 283.6 419.7 283.6 419.7 222.4
OBJ03518_PS3_K3A_NIA0146 0.284784078598 592.1 754.9 592.1 787.7 575.6 787.7 575.6 754.9
OBJ03518_PS3_K3A_NIA0146 0.259559512138 599.7 619.6 599.7 666.3 579.6 666.3 579.6 619.6
OBJ03518_PS3_K3A_NIA0146 0.256398558617 597.7 78.1 597.7 104.6 579.6 104.6 579.6 78.1
OBJ03518_PS3_K3A_NIA0146 0.250556528568 445.2 301.4 445.2 324.8 424.8 324.8 424.8 301.4
OBJ03518_PS3_K3A_NIA0146 0.249078944325 445.7 665.0 445.7 691.2 424.3 691.2 424.3 665.0
OBJ03518_PS3_K3A_NIA0146 0.245860591531 438.5 465.7 438.5 498.9 417.9 498.9 417.9 465.7
OBJ03518_PS3_K3A_NIA0146 0.245233148336 438.3 426.5 438.3 469.3 420.9 469.3 420.9 426.5
OBJ03518_PS3_K3A_NIA0146 0.244621545076 594.0 240.6 594.0 291.1 572.7 291.1 572.7 240.6
OBJ03518_PS3_K3A_NIA0146 0.236744835973 590.0 356.4 590.0 390.3 572.6 390.3 572.6 356.4
OBJ03518_PS3_K3A_NIA0146 0.233212530613 589.8 856.1 589.8 889.5 574.5 889.5 574.5 856.1
OBJ03518_PS3_K3A_NIA0146 0.231846213341 545.4 151.6 545.4 176.9 523.7 176.9 523.7 151.6
OBJ03518_PS3_K3A_NIA0146 0.229315906763 600.5 666.4 600.5 690.9 580.4 690.9 580.4 666.4
OBJ03518_PS3_K3A_NIA0146 0.219279497862 493.4 725.5 493.4 751.2 471.8 751.2 471.8 725.5
OBJ03518_PS3_K3A_NIA0146 0.217659458518 588.7 419.7 588.7 462.8 566.5 462.8 566.5 419.7
OBJ03518_PS3_K3A_NIA0146 0.198340460658 590.1 517.5 590.1 554.3 570.5 554.3 570.5 517.5
OBJ03518_PS3_K3A_NIA0146 0.191274121404 543.9 657.9 543.9 684.7 529.5 684.7 529.5 657.9
OBJ03518_PS3_K3A_NIA0146 0.190571159124 422.9 822.6 422.9 854.6 406.3 854.6 406.3 822.6
OBJ03518_PS3_K3A_NIA0146 0.189106032252 587.0 820.6 587.0 855.7 568.7 855.7 568.7 820.6
OBJ03518_PS3_K3A_NIA0146 0.182896107435 589.0 463.0 589.0 499.0 564.6 499.0 564.6 463.0
OBJ04450_PS3_K3A_NIA0292 0.252300590277 177.3 443.5 177.3 575.6 32.8 575.6 32.8 443.5
OBJ04450_PS3_K3A_NIA0292 0.217974066734 389.7 165.3 403.5 179.4 373.7 207.7 359.9 193.6
OBJ04450_PS3_K3A_NIA0292 0.216696918011 946.5 610.1 955.9 632.3 947.8 635.0 938.4 612.9
OBJ04659_PS3_K3A_NIA0309 0.272874087095 304.5 19.4 324.6 26.4 319.0 41.5 298.9 34.5
OBJ03702_PS3_K3A_NIA0155 0.319493263960 670.2 244.1 683.3 256.8 669.3 271.0 656.1 258.2
OBJ03702_PS3_K3A_NIA0155 0.218888849020 679.7 349.1 695.2 363.5 688.5 369.5 672.9 355.2
