OBJ03791_PS3_K3A_NIA0158 0.364233106375 556.1 21.7 560.6 30.0 518.2 48.6 513.7 40.4
OBJ03791_PS3_K3A_NIA0158 0.237292528152 604.3 23.5 608.2 31.5 576.6 45.6 572.7 37.6
OBJ03791_PS3_K3A_NIA0158 0.227644085884 509.7 68.0 511.3 73.9 477.5 89.0 475.8 83.1
OBJ03791_PS3_K3A_NIA0158 0.212123647332 550.2 54.8 554.4 64.0 520.6 76.4 516.5 67.3
OBJ03791_PS3_K3A_NIA0158 0.209947109222 433.9 80.5 437.9 87.0 408.4 101.2 404.4 94.7
OBJ03791_PS3_K3A_NIA0158 0.208284825087 518.7 42.4 520.4 48.5 498.9 59.1 497.1 53.0
OBJ03791_PS3_K3A_NIA0158 0.196945413947 566.7 27.4 573.5 34.9 557.2 57.5 550.4 50.0
OBJ03791_PS3_K3A_NIA0158 0.196542784572 502.4 48.5 503.5 55.1 473.1 66.7 471.9 60.0
OBJ04430_PS3_K3A_NIA0290 0.228717207909 835.4 46.3 848.7 78.3 842.4 81.5 829.0 49.5
OBJ04571_PS3_K3A_NIA0301 0.449066966772 349.6 757.5 362.8 783.3 356.3 787.0 343.1 761.2
OBJ04571_PS3_K3A_NIA0301 0.420711874962 336.6 733.7 352.6 762.3 345.1 766.4 329.1 737.8
OBJ04571_PS3_K3A_NIA0301 0.384255915880 355.9 725.0 369.3 746.9 361.9 750.8 348.5 728.9
OBJ04571_PS3_K3A_NIA0301 0.332804411650 417.3 838.3 430.9 861.4 423.7 866.7 410.1 843.6
OBJ04571_PS3_K3A_NIA0301 0.319703817368 367.4 744.3 378.2 766.0 370.1 771.0 359.3 749.3
OBJ04571_PS3_K3A_NIA0301 0.319217354059 382.3 823.6 397.9 850.6 392.4 854.3 376.8 827.3
OBJ04571_PS3_K3A_NIA0301 0.315932601690 378.8 764.3 391.2 787.2 382.7 791.1 370.3 768.1
OBJ04571_PS3_K3A_NIA0301 0.289354354143 361.9 783.3 376.7 809.8 370.5 812.9 355.7 786.4
OBJ04571_PS3_K3A_NIA0301 0.233459293842 428.9 861.1 443.0 881.5 436.4 886.8 422.3 866.4
OBJ04571_PS3_K3A_NIA0301 0.215026766062 405.4 817.8 418.7 840.9 410.3 846.1 397.1 823.0
OBJ04571_PS3_K3A_NIA0301 0.198960736394 486.2 973.8 498.3 997.0 490.8 1002.2 478.7 979.0
OBJ03991_PS3_K3A_NIA0166 0.238745778799 903.7 849.3 903.7 881.9 894.3 881.9 894.3 849.3
OBJ03991_PS3_K3A_NIA0166 0.204344928265 830.3 876.4 830.3 909.0 820.2 909.0 820.2 876.4
OBJ03991_PS3_K3A_NIA0166 0.203460723162 82.5 444.8 93.4 476.4 86.4 479.3 75.5 447.7
OBJ05492_PS3_K3A_NIA0166 0.308785617352 867.2 794.8 884.3 819.9 875.5 826.5 858.4 801.5
OBJ05492_PS3_K3A_NIA0166 0.299546152353 806.9 744.6 810.9 752.6 789.1 767.1 785.2 759.1
OBJ05492_PS3_K3A_NIA0166 0.274155080318 825.6 815.9 837.3 839.0 824.3 846.9 812.6 823.9
OBJ05492_PS3_K3A_NIA0166 0.268872588873 902.0 860.1 917.9 882.6 911.0 887.5 895.1 864.9
OBJ05492_PS3_K3A_NIA0166 0.260899245739 967.5 980.4 986.4 1003.3 979.9 1009.0 961.0 986.0
OBJ05492_PS3_K3A_NIA0166 0.230441480875 788.7 681.4 817.9 731.9 806.7 737.6 777.5 687.1
OBJ05492_PS3_K3A_NIA0166 0.196867957711 807.6 755.2 830.7 791.9 817.4 799.9 794.2 763.2
OBJ05492_PS3_K3A_NIA0166 0.194364503026 733.1 495.8 753.3 527.1 745.9 532.0 725.7 500.7
OBJ05492_PS3_K3A_NIA0166 0.192150637507 805.3 800.8 809.3 807.1 781.3 822.6 777.2 816.4
OBJ05492_PS3_K3A_NIA0166 0.184154495597 948.9 876.8 966.8 902.8 960.1 906.9 942.2 880.9
OBJ05492_PS3_K3A_NIA0166 0.180459171534 834.4 706.9 851.3 736.7 840.3 741.8 823.4 712.0
OBJ04103_PS3_K3A_NIA0174 0.287827432156 794.2 407.4 819.3 427.3 814.6 434.7 789.6 414.8
OBJ04103_PS3_K3A_NIA0174 0.181061714888 756.0 384.0 791.1 410.9 786.1 416.5 751.0 389.6
OBJ03870_PS3_K3A_NIA0163 0.267852216959 1021.6 841.6 1024.8 849.4 993.5 865.1 990.3 857.3
OBJ03870_PS3_K3A_NIA0163 0.192160367966 182.9 571.7 182.9 605.8 171.0 605.8 171.0 571.7
OBJ03737_PS3_K3A_NIA0156 0.220304250717 819.2 847.2 821.9 854.7 799.9 865.1 797.3 857.6
OBJ03737_PS3_K3A_NIA0156 0.213567882776 716.6 909.3 721.3 915.1 702.1 929.0 697.4 923.3
OBJ03737_PS3_K3A_NIA0156 0.210546523333 669.8 954.8 674.7 961.2 656.3 975.7 651.4 969.3
OBJ03737_PS3_K3A_NIA0156 0.201452270150 846.4 829.9 850.4 835.6 828.0 849.1 824.1 843.4
OBJ03737_PS3_K3A_NIA0156 0.187959626317 753.6 884.4 758.1 891.6 738.4 903.5 733.8 896.3
OBJ03737_PS3_K3A_NIA0156 0.180452018976 783.8 868.5 787.1 874.6 767.3 886.4 764.1 880.2
OBJ05595_PS3_K3A_NIA0357 0.521191895008 523.8 452.0 531.9 494.8 521.1 497.4 513.0 454.6
OBJ05595_PS3_K3A_NIA0357 0.500479221344 454.5 874.4 454.5 910.4 441.1 910.4 441.1 874.4
OBJ05595_PS3_K3A_NIA0357 0.467820763588 453.9 914.1 453.9 951.9 441.7 951.9 441.7 914.1
OBJ05595_PS3_K3A_NIA0357 0.448394685984 528.4 416.6 528.4 453.6 513.9 453.6 513.9 416.6
OBJ05595_PS3_K3A_NIA0357 0.439332097769 436.0 50.7 436.0 92.7 422.7 92.7 422.7 50.7
OBJ05595_PS3_K3A_NIA0357 0.415290951729 541.7 398.6 541.7 445.0 527.1 445.0 527.1 398.6
OBJ05595_PS3_K3A_NIA0357 0.396533787251 535.1 359.1 535.1 402.3 521.7 402.3 521.7 359.1
OBJ05595_PS3_K3A_NIA0357 0.393058389425 413.9 663.6 413.9 703.7 402.0 703.7 402.0 663.6
OBJ05595_PS3_K3A_NIA0357 0.386125773191 279.3 945.0 279.3 988.3 266.1 988.3 266.1 945.0
OBJ05595_PS3_K3A_NIA0357 0.385025411844 515.1 720.2 515.1 756.2 504.3 756.2 504.3 720.2
OBJ05595_PS3_K3A_NIA0357 0.375586926937 528.9 541.8 537.6 581.8 529.5 583.0 520.9 542.9
OBJ05595_PS3_K3A_NIA0357 0.371408671141 642.7 408.1 642.7 447.0 629.2 447.0 629.2 408.1
OBJ05595_PS3_K3A_NIA0357 0.355845302343 326.6 882.0 326.6 917.0 313.7 917.0 313.7 882.0
OBJ05595_PS3_K3A_NIA0357 0.354913443327 291.0 755.2 291.0 787.1 281.2 787.1 281.2 755.2
OBJ05595_PS3_K3A_NIA0357 0.353183537722 386.7 690.8 386.7 730.1 375.1 730.1 375.1 690.8
OBJ05595_PS3_K3A_NIA0357 0.345422208309 656.8 307.7 656.8 345.3 643.0 345.3 643.0 307.7
OBJ05595_PS3_K3A_NIA0357 0.342540413141 596.0 673.9 596.0 705.7 581.6 705.7 581.6 673.9
OBJ05595_PS3_K3A_NIA0357 0.340452432632 521.2 505.1 532.6 549.2 522.3 552.0 510.9 507.9
OBJ05595_PS3_K3A_NIA0357 0.335746258497 669.9 411.9 669.9 456.9 655.5 456.9 655.5 411.9
OBJ05595_PS3_K3A_NIA0357 0.334784060717 522.6 318.6 522.6 361.7 508.2 361.7 508.2 318.6
OBJ05595_PS3_K3A_NIA0357 0.328918308020 485.3 315.4 491.0 348.9 480.7 351.9 475.1 318.5
OBJ05595_PS3_K3A_NIA0357 0.328412681818 514.4 684.2 514.4 722.5 503.1 722.5 503.1 684.2
OBJ05595_PS3_K3A_NIA0357 0.323854595423 657.5 444.6 657.5 490.1 643.0 490.1 643.0 444.6
OBJ05595_PS3_K3A_NIA0357 0.317055106163 406.3 453.0 406.3 485.7 392.0 485.7 392.0 453.0
OBJ05595_PS3_K3A_NIA0357 0.314425289631 597.1 387.0 597.1 427.4 582.2 427.4 582.2 387.0
OBJ05595_PS3_K3A_NIA0357 0.309909403324 570.0 731.9 570.0 757.3 553.8 757.3 553.8 731.9
OBJ05595_PS3_K3A_NIA0357 0.309872776270 407.2 634.4 407.2 665.6 394.9 665.6 394.9 634.4
OBJ05595_PS3_K3A_NIA0357 0.309376388788 291.6 691.9 291.6 729.0 280.2 729.0 280.2 691.9
OBJ05595_PS3_K3A_NIA0357 0.306643247604 604.0 319.8 604.0 359.5 591.0 359.5 591.0 319.8
OBJ05595_PS3_K3A_NIA0357 0.304248481989 637.4 351.2 637.4 396.5 621.7 396.5 621.7 351.2
OBJ05595_PS3_K3A_NIA0357 0.302604585886 487.8 644.2 487.8 681.4 476.3 681.4 476.3 644.2
OBJ05595_PS3_K3A_NIA0357 0.302145391703 393.8 410.3 393.8 445.5 381.7 445.5 381.7 410.3
OBJ05595_PS3_K3A_NIA0357 0.300993442535 449.2 942.9 449.2 977.5 436.5 977.5 436.5 942.9
OBJ05595_PS3_K3A_NIA0357 0.300450712442 380.2 740.7 380.2 775.4 368.1 775.4 368.1 740.7
OBJ05595_PS3_K3A_NIA0357 0.299079388380 528.2 862.2 528.2 896.2 516.6 896.2 516.6 862.2
OBJ05595_PS3_K3A_NIA0357 0.296488970518 373.6 653.8 373.6 698.5 360.0 698.5 360.0 653.8
OBJ05595_PS3_K3A_NIA0357 0.296232998371 340.7 672.0 340.7 708.6 327.4 708.6 327.4 672.0
OBJ05595_PS3_K3A_NIA0357 0.294503271580 326.7 589.3 326.7 631.7 313.4 631.7 313.4 589.3
OBJ05595_PS3_K3A_NIA0357 0.292581945658 639.4 444.9 644.6 489.2 634.1 490.9 628.9 446.6
OBJ05595_PS3_K3A_NIA0357 0.290434092283 558.4 672.2 566.3 706.0 554.2 708.9 546.4 675.2
OBJ05595_PS3_K3A_NIA0357 0.289862185717 522.8 390.1 522.8 425.5 508.1 425.5 508.1 390.1
OBJ05595_PS3_K3A_NIA0357 0.289432138205 392.7 644.1 392.7 682.8 381.4 682.8 381.4 644.1
OBJ05595_PS3_K3A_NIA0357 0.289191514254 426.0 913.5 426.0 952.1 415.3 952.1 415.3 913.5
OBJ05595_PS3_K3A_NIA0357 0.288278669119 488.9 357.1 500.3 399.1 488.6 403.4 477.2 361.3
OBJ05595_PS3_K3A_NIA0357 0.285798519850 642.8 311.5 642.8 342.6 630.0 342.6 630.0 311.5
OBJ05595_PS3_K3A_NIA0357 0.285580247641 400.9 896.3 400.9 943.9 387.7 943.9 387.7 896.3
OBJ05595_PS3_K3A_NIA0357 0.284658581018 333.1 836.1 333.1 868.8 322.0 868.8 322.0 836.1
OBJ05595_PS3_K3A_NIA0357 0.282747983932 291.8 726.7 291.8 761.6 280.4 761.6 280.4 726.7
OBJ05595_PS3_K3A_NIA0357 0.279844105244 709.3 420.4 709.3 447.3 699.2 447.3 699.2 420.4
OBJ05595_PS3_K3A_NIA0357 0.279490500689 359.4 788.8 359.4 821.7 350.2 821.7 350.2 788.8
OBJ05595_PS3_K3A_NIA0357 0.278888940811 487.6 682.5 487.6 725.4 476.1 725.4 476.1 682.5
OBJ05595_PS3_K3A_NIA0357 0.274278789759 454.3 59.1 454.3 93.7 441.7 93.7 441.7 59.1
OBJ05595_PS3_K3A_NIA0357 0.273494333029 507.7 456.1 520.2 503.2 508.2 506.3 495.8 459.2
OBJ05595_PS3_K3A_NIA0357 0.273474931717 549.3 686.5 549.3 735.1 534.8 735.1 534.8 686.5
OBJ05595_PS3_K3A_NIA0357 0.271138608456 520.6 817.5 520.6 860.7 509.9 860.7 509.9 817.5
OBJ05595_PS3_K3A_NIA0357 0.269767254591 610.6 499.3 610.6 544.1 595.1 544.1 595.1 499.3
OBJ05595_PS3_K3A_NIA0357 0.259677588940 365.5 562.2 365.5 602.2 354.0 602.2 354.0 562.2
OBJ05595_PS3_K3A_NIA0357 0.259303480387 422.0 871.4 422.0 912.3 405.9 912.3 405.9 871.4
OBJ05595_PS3_K3A_NIA0357 0.256753087044 459.5 444.3 459.5 480.2 446.8 480.2 446.8 444.3
OBJ05595_PS3_K3A_NIA0357 0.255598217249 292.7 853.9 292.7 889.0 282.3 889.0 282.3 853.9
OBJ05595_PS3_K3A_NIA0357 0.254783958197 662.7 490.7 662.7 527.1 648.9 527.1 648.9 490.7
OBJ05595_PS3_K3A_NIA0357 0.254243195057 715.7 523.0 715.7 549.7 703.8 549.7 703.8 523.0
OBJ05595_PS3_K3A_NIA0357 0.253849655390 391.5 337.3 391.5 368.9 379.8 368.9 379.8 337.3
OBJ05595_PS3_K3A_NIA0357 0.253412306309 292.3 533.0 292.3 563.6 281.3 563.6 281.3 533.0
OBJ05595_PS3_K3A_NIA0357 0.253336817026 435.6 9.2 435.6 49.9 420.6 49.9 420.6 9.2
OBJ05595_PS3_K3A_NIA0357 0.252955347300 360.2 593.6 360.2 638.9 347.5 638.9 347.5 593.6
OBJ05595_PS3_K3A_NIA0357 0.252880215645 656.4 805.9 656.4 844.2 644.7 844.2 644.7 805.9
OBJ05595_PS3_K3A_NIA0357 0.252051591873 623.5 315.7 623.5 351.7 610.1 351.7 610.1 315.7
OBJ05595_PS3_K3A_NIA0357 0.250656992197 656.7 705.4 656.7 756.3 642.8 756.3 642.8 705.4
OBJ05595_PS3_K3A_NIA0357 0.250311791897 598.9 424.0 604.9 469.8 595.2 471.3 589.1 425.5
OBJ05595_PS3_K3A_NIA0357 0.250019043684 505.9 858.9 505.9 886.5 497.8 886.5 497.8 858.9
OBJ05595_PS3_K3A_NIA0357 0.248500540853 534.5 646.5 534.5 680.3 522.4 680.3 522.4 646.5
OBJ05595_PS3_K3A_NIA0357 0.247821122408 503.0 411.6 512.4 453.9 501.2 457.6 491.7 415.3
OBJ05595_PS3_K3A_NIA0357 0.247350409627 361.1 339.5 361.1 368.1 349.2 368.1 349.2 339.5
OBJ05595_PS3_K3A_NIA0357 0.246226385236 616.3 421.1 616.3 461.4 601.9 461.4 601.9 421.1
OBJ05595_PS3_K3A_NIA0357 0.245740398765 506.9 817.1 506.9 860.7 497.4 860.7 497.4 817.1
OBJ05595_PS3_K3A_NIA0357 0.245670497417 315.2 972.1 315.2 1003.4 297.6 1003.4 297.6 972.1
OBJ05595_PS3_K3A_NIA0357 0.245600536466 649.7 502.4 649.7 540.5 637.1 540.5 637.1 502.4
OBJ05595_PS3_K3A_NIA0357 0.242967516184 320.2 932.8 320.2 962.0 306.3 962.0 306.3 932.8
OBJ05595_PS3_K3A_NIA0357 0.241954311728 325.5 807.9 325.5 842.6 315.1 842.6 315.1 807.9
OBJ05595_PS3_K3A_NIA0357 0.240385562181 264.7 984.1 264.7 1016.2 253.2 1016.2 253.2 984.1
OBJ05595_PS3_K3A_NIA0357 0.238160356879 519.8 754.5 519.8 787.7 510.1 787.7 510.1 754.5
OBJ05595_PS3_K3A_NIA0357 0.234291329980 721.1 579.5 721.1 611.9 711.2 611.9 711.2 579.5
OBJ05595_PS3_K3A_NIA0357 0.230743244290 426.8 956.5 426.8 989.9 415.6 989.9 415.6 956.5
OBJ05595_PS3_K3A_NIA0357 0.230322986841 488.5 84.6 488.5 123.6 476.9 123.6 476.9 84.6
OBJ05595_PS3_K3A_NIA0357 0.230038836598 381.2 497.1 381.2 533.9 367.1 533.9 367.1 497.1
OBJ05595_PS3_K3A_NIA0357 0.228921860456 312.8 563.8 312.8 602.2 300.3 602.2 300.3 563.8
OBJ05595_PS3_K3A_NIA0357 0.228779107332 549.3 605.2 549.3 640.9 535.6 640.9 535.6 605.2
OBJ05595_PS3_K3A_NIA0357 0.227901563048 617.1 549.2 617.1 589.9 602.7 589.9 602.7 549.2
OBJ05595_PS3_K3A_NIA0357 0.227757558227 665.3 366.2 665.3 407.9 649.3 407.9 649.3 366.2
OBJ05595_PS3_K3A_NIA0357 0.227165952325 494.5 780.2 494.5 815.4 483.8 815.4 483.8 780.2
OBJ05595_PS3_K3A_NIA0357 0.226700022817 353.9 696.9 353.9 737.6 340.4 737.6 340.4 696.9
OBJ05595_PS3_K3A_NIA0357 0.226464509964 506.4 75.4 506.4 105.8 494.1 105.8 494.1 75.4
OBJ05595_PS3_K3A_NIA0357 0.225317373872 461.6 1.3 461.6 33.3 447.1 33.3 447.1 1.3
OBJ05595_PS3_K3A_NIA0357 0.225201830268 290.6 898.5 290.6 928.1 280.8 928.1 280.8 898.5
OBJ05595_PS3_K3A_NIA0357 0.224507555366 571.3 487.3 571.3 528.9 554.5 528.9 554.5 487.3
OBJ05595_PS3_K3A_NIA0357 0.224454641342 497.4 130.0 497.4 187.3 480.3 187.3 480.3 130.0
OBJ05595_PS3_K3A_NIA0357 0.222110807896 622.9 492.6 622.9 538.9 608.3 538.9 608.3 492.6
OBJ05595_PS3_K3A_NIA0357 0.221254602075 251.6 945.9 251.6 985.3 238.3 985.3 238.3 945.9
OBJ05595_PS3_K3A_NIA0357 0.215669468045 722.5 659.4 722.5 694.1 710.9 694.1 710.9 659.4
OBJ05595_PS3_K3A_NIA0357 0.213148012757 596.9 345.9 596.9 388.5 582.3 388.5 582.3 345.9
OBJ05595_PS3_K3A_NIA0357 0.212836354971 306.0 914.3 306.0 951.5 294.0 951.5 294.0 914.3
OBJ05595_PS3_K3A_NIA0357 0.210845246911 651.5 753.1 651.5 802.9 636.0 802.9 636.0 753.1
OBJ05595_PS3_K3A_NIA0357 0.210751175880 718.0 693.8 718.0 728.8 705.5 728.8 705.5 693.8
OBJ05595_PS3_K3A_NIA0357 0.210747033358 491.8 824.3 491.8 866.6 481.6 866.6 481.6 824.3
OBJ05595_PS3_K3A_NIA0357 0.210487559438 319.3 677.2 319.3 716.5 306.3 716.5 306.3 677.2
OBJ05595_PS3_K3A_NIA0357 0.206860914826 698.4 321.7 698.4 359.8 683.8 359.8 683.8 321.7
OBJ05595_PS3_K3A_NIA0357 0.206468731165 623.2 658.9 623.2 695.8 608.6 695.8 608.6 658.9
OBJ05595_PS3_K3A_NIA0357 0.205974340439 501.2 544.1 501.2 581.2 490.2 581.2 490.2 544.1
OBJ05595_PS3_K3A_NIA0357 0.205188542604 696.7 413.7 696.7 454.6 683.6 454.6 683.6 413.7
OBJ05595_PS3_K3A_NIA0357 0.204714596272 344.2 920.1 344.2 946.8 334.8 946.8 334.8 920.1
OBJ05595_PS3_K3A_NIA0357 0.204484581947 340.2 779.7 340.2 816.1 327.4 816.1 327.4 779.7
OBJ05595_PS3_K3A_NIA0357 0.204196542501 393.5 579.9 393.5 625.9 381.4 625.9 381.4 579.9
OBJ05595_PS3_K3A_NIA0357 0.203729778528 482.3 876.1 482.3 922.6 468.7 922.6 468.7 876.1
OBJ05595_PS3_K3A_NIA0357 0.203065305948 710.2 547.6 710.2 591.3 698.4 591.3 698.4 547.6
OBJ05595_PS3_K3A_NIA0357 0.201643645763 407.8 859.5 407.8 898.6 392.8 898.6 392.8 859.5
OBJ05595_PS3_K3A_NIA0357 0.201300054789 676.3 502.8 676.3 541.0 663.3 541.0 663.3 502.8
OBJ05595_PS3_K3A_NIA0357 0.199307993054 360.5 414.4 360.5 453.7 347.0 453.7 347.0 414.4
OBJ05595_PS3_K3A_NIA0357 0.196428373456 514.9 572.8 514.9 619.1 502.6 619.1 502.6 572.8
OBJ05595_PS3_K3A_NIA0357 0.195685356855 396.1 378.3 396.1 410.3 380.9 410.3 380.9 378.3
OBJ05595_PS3_K3A_NIA0357 0.193626448512 487.9 44.0 487.9 84.2 475.4 84.2 475.4 44.0
OBJ05595_PS3_K3A_NIA0357 0.191826149821 494.5 875.0 494.5 924.7 482.1 924.7 482.1 875.0
OBJ05595_PS3_K3A_NIA0357 0.191784918308 392.4 550.3 392.4 588.0 382.2 588.0 382.2 550.3
OBJ05595_PS3_K3A_NIA0357 0.190404564142 427.1 94.7 427.1 127.0 414.7 127.0 414.7 94.7
OBJ05595_PS3_K3A_NIA0357 0.189544901252 455.2 91.2 455.2 131.5 442.0 131.5 442.0 91.2
OBJ05595_PS3_K3A_NIA0357 0.188492178917 509.6 106.6 509.6 155.9 495.5 155.9 495.5 106.6
OBJ05595_PS3_K3A_NIA0357 0.187883868814 572.6 380.6 572.6 408.1 553.1 408.1 553.1 380.6
OBJ05595_PS3_K3A_NIA0357 0.187581405044 513.8 286.8 513.8 325.3 502.1 325.3 502.1 286.8
OBJ05595_PS3_K3A_NIA0357 0.187478378415 266.4 563.3 266.4 602.7 254.4 602.7 254.4 563.3
OBJ05595_PS3_K3A_NIA0357 0.186762720346 285.4 984.0 285.4 1017.5 271.6 1017.5 271.6 984.0
OBJ05595_PS3_K3A_NIA0357 0.186459988356 367.1 842.7 367.1 876.1 354.0 876.1 354.0 842.7
OBJ05595_PS3_K3A_NIA0357 0.185785815120 705.4 289.7 705.4 325.3 690.0 325.3 690.0 289.7
OBJ05595_PS3_K3A_NIA0357 0.185658425093 291.3 816.7 291.3 847.3 281.5 847.3 281.5 816.7
OBJ05595_PS3_K3A_NIA0357 0.184005379677 488.7 545.9 488.7 591.5 476.5 591.5 476.5 545.9
OBJ05595_PS3_K3A_NIA0357 0.181840866804 462.8 479.1 462.8 510.9 447.5 510.9 447.5 479.1
OBJ05595_PS3_K3A_NIA0357 0.181723460555 637.1 854.0 637.1 889.5 625.0 889.5 625.0 854.0
OBJ05713_PS3_K3A_NIA0363 0.671399354935 301.7 539.5 304.8 547.9 271.6 558.1 268.5 549.6
OBJ05713_PS3_K3A_NIA0363 0.651245772839 44.4 614.3 47.7 621.5 17.4 631.2 14.2 624.0
OBJ05713_PS3_K3A_NIA0363 0.639117240906 110.7 594.5 114.3 603.2 82.0 612.8 78.4 604.1
OBJ05713_PS3_K3A_NIA0363 0.626295626163 396.1 512.6 399.5 521.4 367.0 530.7 363.6 521.8
OBJ05713_PS3_K3A_NIA0363 0.594552993774 78.5 602.8 81.9 610.5 48.8 620.7 45.5 613.0
OBJ05713_PS3_K3A_NIA0363 0.584930956364 138.0 586.8 141.7 594.8 113.2 603.8 109.5 595.7
OBJ05713_PS3_K3A_NIA0363 0.577870130539 171.0 576.0 174.0 584.1 144.3 593.6 141.3 585.4
OBJ05713_PS3_K3A_NIA0363 0.573687136173 269.9 548.8 272.8 555.7 238.4 566.5 235.5 559.6
OBJ05713_PS3_K3A_NIA0363 0.569684326649 426.1 505.8 429.8 514.7 401.0 522.8 397.3 513.8
OBJ05713_PS3_K3A_NIA0363 0.565200507641 178.4 614.8 181.6 624.1 152.9 631.5 149.7 622.1
OBJ05713_PS3_K3A_NIA0363 0.556192457676 364.6 806.3 370.5 814.7 343.0 834.2 337.1 825.8
OBJ05713_PS3_K3A_NIA0363 0.555956482887 391.9 789.5 397.5 797.4 370.8 816.8 365.2 808.8
OBJ05713_PS3_K3A_NIA0363 0.549031078815 146.3 622.4 149.2 631.2 119.9 639.8 117.1 631.0
OBJ05713_PS3_K3A_NIA0363 0.546260178089 204.5 567.2 207.8 576.0 176.3 584.8 173.0 576.0
OBJ05713_PS3_K3A_NIA0363 0.534622192383 205.9 606.2 209.5 615.0 179.1 623.7 175.6 614.9
OBJ05713_PS3_K3A_NIA0363 0.534427464008 331.9 531.9 335.5 540.4 304.6 550.4 300.9 541.9
OBJ05713_PS3_K3A_NIA0363 0.532616496086 460.7 534.6 463.0 543.5 433.1 550.3 430.8 541.4
OBJ05713_PS3_K3A_NIA0363 0.532389819622 373.0 681.8 378.6 689.2 348.2 712.4 342.6 705.0
OBJ05713_PS3_K3A_NIA0363 0.528421580791 238.4 560.3 240.6 569.0 211.8 576.1 209.6 567.4
OBJ05713_PS3_K3A_NIA0363 0.526908993721 311.2 722.4 317.0 730.4 289.2 750.7 283.4 742.8
OBJ05713_PS3_K3A_NIA0363 0.524811863899 362.2 521.8 364.5 530.5 335.2 538.1 332.9 529.4
OBJ05713_PS3_K3A_NIA0363 0.523654401302 114.8 633.3 118.2 641.3 91.8 650.5 88.4 642.5
OBJ05713_PS3_K3A_NIA0363 0.520139575005 277.5 744.2 282.4 752.0 253.7 771.3 248.7 763.4
OBJ05713_PS3_K3A_NIA0363 0.503165662289 83.2 641.4 86.0 648.2 56.7 658.5 54.0 651.7
OBJ05713_PS3_K3A_NIA0363 0.499238699675 38.2 505.2 42.5 514.8 9.7 525.2 5.4 515.6
OBJ05713_PS3_K3A_NIA0363 0.494892746210 216.5 784.5 221.4 792.2 193.4 810.7 188.5 803.0
OBJ05713_PS3_K3A_NIA0363 0.494477093220 438.6 642.9 442.7 649.2 414.9 669.7 410.9 663.4
OBJ05713_PS3_K3A_NIA0363 0.492909401655 96.8 661.8 100.5 670.3 75.7 678.5 72.0 670.0
OBJ05713_PS3_K3A_NIA0363 0.491714388132 468.1 623.2 473.2 630.3 442.4 650.5 437.3 643.3
OBJ05713_PS3_K3A_NIA0363 0.488187402487 487.9 526.8 490.0 536.0 460.9 544.1 458.7 535.0
OBJ05713_PS3_K3A_NIA0363 0.483344823122 244.6 765.3 249.1 773.0 222.8 792.2 218.3 784.5
OBJ05713_PS3_K3A_NIA0363 0.481370568275 409.9 563.1 413.9 572.4 364.1 588.3 360.2 579.0
OBJ05713_PS3_K3A_NIA0363 0.474449604750 432.0 540.8 435.2 551.5 408.5 557.4 405.3 546.7
OBJ05713_PS3_K3A_NIA0363 0.474170655012 62.8 663.0 65.4 671.6 36.8 678.9 34.2 670.3
OBJ05713_PS3_K3A_NIA0363 0.474024355412 405.1 663.9 409.6 670.7 382.7 689.3 378.2 682.5
OBJ05713_PS3_K3A_NIA0363 0.473568469286 34.5 670.5 37.7 679.3 12.0 686.6 8.8 677.8
OBJ05713_PS3_K3A_NIA0363 0.469085335732 28.0 655.4 31.6 664.9 5.3 673.5 1.7 664.1
OBJ05713_PS3_K3A_NIA0363 0.464821100235 123.2 842.6 128.5 851.7 96.3 873.8 91.0 864.6
OBJ05713_PS3_K3A_NIA0363 0.462331831455 543.7 514.6 545.7 523.3 514.6 531.0 512.6 522.3
OBJ05713_PS3_K3A_NIA0363 0.461364269257 253.9 588.2 257.1 598.0 226.0 605.8 222.9 595.9
OBJ05713_PS3_K3A_NIA0363 0.452012151480 459.5 495.4 462.1 503.8 431.6 512.0 429.0 503.6
OBJ05713_PS3_K3A_NIA0363 0.447735130787 515.0 521.8 517.7 530.9 489.8 537.1 487.1 528.0
OBJ05713_PS3_K3A_NIA0363 0.446526914835 343.7 703.9 347.8 710.3 321.4 730.3 317.3 724.0
OBJ05713_PS3_K3A_NIA0363 0.445235788822 260.4 614.4 264.4 623.6 231.5 633.8 227.5 624.5
OBJ05713_PS3_K3A_NIA0363 0.443953633308 287.5 606.8 290.6 616.0 261.6 624.2 258.5 615.0
OBJ05713_PS3_K3A_NIA0363 0.441717326641 320.1 573.7 323.3 582.2 294.3 591.2 291.1 582.6
OBJ05713_PS3_K3A_NIA0363 0.439936071634 150.4 825.9 155.6 833.6 126.7 852.2 121.5 844.5
OBJ05713_PS3_K3A_NIA0363 0.437233328819 399.8 549.7 404.4 559.1 362.8 573.4 358.2 563.9
OBJ05713_PS3_K3A_NIA0363 0.436890423298 138.0 648.1 142.3 657.3 115.3 666.5 110.9 657.3
OBJ05713_PS3_K3A_NIA0363 0.430238336325 259.8 602.6 263.0 611.0 232.9 619.4 229.8 611.0
OBJ05713_PS3_K3A_NIA0363 0.428729802370 176.1 806.3 181.1 813.8 155.4 833.1 150.4 825.7
OBJ05713_PS3_K3A_NIA0363 0.421056568623 188.6 773.8 193.5 780.8 167.9 797.8 163.0 790.8
OBJ05713_PS3_K3A_NIA0363 0.411525249481 354.0 576.2 356.7 584.4 328.7 592.2 326.0 584.1
OBJ05713_PS3_K3A_NIA0363 0.405575692654 178.9 636.0 182.2 645.7 155.3 652.7 152.0 643.0
OBJ05713_PS3_K3A_NIA0363 0.394835978746 352.3 765.0 356.8 771.5 328.2 790.1 323.8 783.6
OBJ05713_PS3_K3A_NIA0363 0.391946345568 449.0 466.2 451.3 472.6 421.7 483.9 419.3 477.6
OBJ05713_PS3_K3A_NIA0363 0.389288723469 31.1 689.3 32.4 696.5 -0.7 706.3 -2.0 699.1
OBJ05713_PS3_K3A_NIA0363 0.382052451372 188.5 878.2 193.9 886.2 165.9 905.3 160.6 897.3
OBJ05713_PS3_K3A_NIA0363 0.378656834364 110.8 972.0 116.0 981.1 88.1 998.8 82.9 989.7
OBJ05713_PS3_K3A_NIA0363 0.376090675592 385.4 739.4 390.5 746.7 364.4 764.9 359.3 757.5
OBJ05713_PS3_K3A_NIA0363 0.368179619312 215.8 854.2 219.6 860.2 195.9 876.4 192.1 870.5
OBJ05713_PS3_K3A_NIA0363 0.367935419083 78.2 994.5 81.2 1001.5 52.5 1016.2 49.5 1009.2
OBJ05713_PS3_K3A_NIA0363 0.366563647985 293.6 853.2 298.9 861.8 270.7 880.9 265.3 872.3
OBJ05713_PS3_K3A_NIA0363 0.362282663584 297.6 592.4 301.0 601.9 274.1 609.8 270.7 600.4
OBJ05713_PS3_K3A_NIA0363 0.360921055079 441.7 678.0 447.5 687.0 425.1 703.5 419.2 694.5
OBJ05713_PS3_K3A_NIA0363 0.360857039690 422.6 483.8 425.8 494.5 392.7 504.9 389.5 494.2
OBJ05713_PS3_K3A_NIA0363 0.359765470028 227.7 898.4 233.0 906.9 205.0 925.3 199.7 916.7
OBJ05713_PS3_K3A_NIA0363 0.352944493294 282.1 813.2 286.2 819.6 262.5 835.4 258.4 829.1
OBJ05713_PS3_K3A_NIA0363 0.352855294943 218.8 626.9 223.0 634.7 197.1 643.4 192.8 635.5
OBJ05713_PS3_K3A_NIA0363 0.350195795298 467.3 648.1 472.0 655.4 441.4 677.9 436.7 670.5
OBJ05713_PS3_K3A_NIA0363 0.349428713322 156.5 898.0 162.3 906.2 135.3 924.8 129.5 916.6
OBJ05713_PS3_K3A_NIA0363 0.349058598280 128.1 914.5 133.0 921.4 105.5 939.2 100.7 932.3
OBJ05713_PS3_K3A_NIA0363 0.342976480722 88.5 865.4 94.4 873.2 64.2 893.0 58.3 885.2
OBJ05713_PS3_K3A_NIA0363 0.339008986950 453.1 745.0 458.7 752.2 432.7 773.2 427.1 766.0
OBJ05713_PS3_K3A_NIA0363 0.338860422373 289.2 759.4 294.6 766.2 270.5 783.3 265.1 776.5
OBJ05713_PS3_K3A_NIA0363 0.336607456207 426.5 769.6 433.0 778.4 401.5 799.1 395.0 790.4
OBJ05713_PS3_K3A_NIA0363 0.334900677204 274.6 725.9 279.0 732.0 257.3 748.3 252.9 742.2
OBJ05713_PS3_K3A_NIA0363 0.328644424677 456.4 478.5 459.8 488.3 425.9 498.4 422.5 488.6
OBJ05713_PS3_K3A_NIA0363 0.322933614254 480.4 458.3 483.3 467.0 456.7 475.4 453.8 466.7
OBJ05713_PS3_K3A_NIA0363 0.318666666746 347.6 561.7 350.7 571.1 319.0 578.7 315.9 569.3
OBJ05713_PS3_K3A_NIA0363 0.317392021418 259.3 879.7 264.8 887.3 234.5 906.3 229.0 898.7
OBJ05713_PS3_K3A_NIA0363 0.312574416399 334.3 837.0 340.2 845.0 305.9 866.6 300.0 858.5
OBJ05713_PS3_K3A_NIA0363 0.311012208462 123.9 675.3 126.0 682.6 98.9 692.1 96.7 684.8
OBJ05713_PS3_K3A_NIA0363 0.309740453959 410.7 724.3 417.0 732.6 391.4 749.9 385.0 741.6
OBJ05713_PS3_K3A_NIA0363 0.309464663267 518.6 495.8 521.6 502.7 483.3 511.1 480.3 504.1
OBJ05713_PS3_K3A_NIA0363 0.308321923018 59.5 956.4 63.6 963.5 39.8 977.2 35.7 970.2
OBJ05713_PS3_K3A_NIA0363 0.307066947222 233.0 841.2 238.4 847.8 218.9 862.2 213.6 855.6
OBJ05713_PS3_K3A_NIA0363 0.303931802511 200.6 551.9 204.5 562.0 169.8 573.0 166.0 563.0
OBJ05713_PS3_K3A_NIA0363 0.299189090729 66.8 789.5 68.1 799.5 22.2 807.6 20.8 797.5
OBJ05713_PS3_K3A_NIA0363 0.297816216946 220.8 525.2 225.7 535.8 189.0 548.5 184.2 537.9
OBJ05713_PS3_K3A_NIA0363 0.293847978115 447.4 704.0 453.0 712.5 422.3 732.0 416.7 723.5
OBJ05713_PS3_K3A_NIA0363 0.290482759476 315.5 786.4 321.4 794.2 297.7 810.5 291.8 802.7
OBJ05713_PS3_K3A_NIA0363 0.287609785795 95.3 899.7 101.2 906.3 73.7 924.8 67.8 918.2
OBJ05713_PS3_K3A_NIA0363 0.280909031630 43.3 737.5 44.6 746.5 17.2 751.6 15.9 742.5
OBJ05713_PS3_K3A_NIA0363 0.272315889597 32.4 975.7 37.1 982.9 12.7 998.1 7.9 990.9
OBJ05713_PS3_K3A_NIA0363 0.270660132170 215.3 761.2 219.4 768.0 196.3 782.7 192.1 775.9
OBJ05713_PS3_K3A_NIA0363 0.269486337900 160.3 793.8 165.3 800.9 142.1 817.6 137.1 810.5
OBJ05713_PS3_K3A_NIA0363 0.268654823303 283.9 1004.5 287.2 1011.6 261.4 1024.1 258.1 1017.0
OBJ05713_PS3_K3A_NIA0363 0.267084509134 49.1 704.9 55.3 715.9 24.4 729.6 18.2 718.7
OBJ05713_PS3_K3A_NIA0363 0.267043948174 249.8 524.8 252.8 533.3 214.7 546.0 211.7 537.4
OBJ05713_PS3_K3A_NIA0363 0.264877557755 410.9 692.5 416.9 699.7 391.4 717.1 385.4 710.0
OBJ05713_PS3_K3A_NIA0363 0.263169169426 51.0 887.0 56.3 896.3 22.5 912.1 17.2 902.8
OBJ05713_PS3_K3A_NIA0363 0.258987128735 245.9 800.7 252.0 808.1 231.4 824.1 225.3 816.8
OBJ05713_PS3_K3A_NIA0363 0.257163405418 353.5 734.2 358.7 739.4 339.6 754.2 334.4 749.0
OBJ05713_PS3_K3A_NIA0363 0.249999463558 365.9 420.2 369.0 428.5 342.6 434.5 339.6 426.2
OBJ05713_PS3_K3A_NIA0363 0.245816409588 116.8 649.0 119.0 657.2 94.6 664.4 92.3 656.3
OBJ05713_PS3_K3A_NIA0363 0.245312273502 87.0 940.7 92.2 947.7 67.0 963.7 61.8 956.7
OBJ05713_PS3_K3A_NIA0363 0.243922054768 125.4 882.9 130.4 889.3 108.9 904.1 103.9 897.7
OBJ05713_PS3_K3A_NIA0363 0.243152871728 243.8 537.5 246.9 547.9 208.1 560.3 205.0 549.9
OBJ05713_PS3_K3A_NIA0363 0.242084369063 194.8 921.0 198.7 927.3 175.4 942.7 171.4 936.4
OBJ05713_PS3_K3A_NIA0363 0.238924428821 514.3 604.5 518.1 610.9 490.7 626.7 486.9 620.3
OBJ05713_PS3_K3A_NIA0363 0.238894164562 347.4 499.3 349.0 507.3 318.7 516.7 317.0 508.7
OBJ05713_PS3_K3A_NIA0363 0.234241321683 19.2 622.2 19.2 637.1 0.4 637.1 0.4 622.2
OBJ05713_PS3_K3A_NIA0363 0.233569666743 167.3 551.9 170.1 561.4 134.5 572.9 131.7 563.4
OBJ05713_PS3_K3A_NIA0363 0.233322754502 314.3 508.5 315.3 514.7 284.2 523.3 283.2 517.1
OBJ05713_PS3_K3A_NIA0363 0.233196556568 61.5 913.8 68.0 922.1 40.0 939.6 33.5 931.3
OBJ05713_PS3_K3A_NIA0363 0.233130961657 236.7 732.2 241.2 739.3 213.1 756.2 208.5 749.0
OBJ05713_PS3_K3A_NIA0363 0.226865231991 304.2 627.6 307.8 636.1 283.4 646.9 279.7 638.5
OBJ05713_PS3_K3A_NIA0363 0.221718862653 383.3 490.7 385.2 497.8 349.9 510.8 348.1 503.8
OBJ05713_PS3_K3A_NIA0363 0.220749408007 515.6 445.4 518.3 453.4 487.7 464.2 485.0 456.2
OBJ05713_PS3_K3A_NIA0363 0.217955082655 328.8 585.6 331.5 595.0 297.3 605.5 294.6 596.1
OBJ05713_PS3_K3A_NIA0363 0.217516377568 219.0 820.2 224.3 827.0 204.8 842.9 199.5 836.1
OBJ05713_PS3_K3A_NIA0363 0.213060900569 127.9 792.0 132.0 802.6 94.3 817.7 90.1 807.1
OBJ05713_PS3_K3A_NIA0363 0.204859897494 206.1 641.3 207.4 650.2 177.9 657.8 176.7 648.9
OBJ05713_PS3_K3A_NIA0363 0.200997918844 319.6 752.8 326.0 759.6 305.8 775.2 299.5 768.4
OBJ05713_PS3_K3A_NIA0363 0.196438625455 80.6 586.8 82.7 595.7 46.0 606.2 43.9 597.2
OBJ05713_PS3_K3A_NIA0363 0.194723367691 185.9 843.0 190.9 849.4 171.1 862.7 166.2 856.3
OBJ05713_PS3_K3A_NIA0363 0.193022266030 173.2 706.9 176.4 715.4 144.5 726.3 141.3 717.9
OBJ05713_PS3_K3A_NIA0363 0.192229285836 90.9 824.4 98.3 837.0 64.5 853.4 57.1 840.7
OBJ05713_PS3_K3A_NIA0363 0.188136354089 166.5 649.3 166.9 656.6 136.3 664.1 135.9 656.8
OBJ05713_PS3_K3A_NIA0363 0.187456384301 279.8 519.0 281.9 526.5 251.6 537.6 249.6 530.1
OBJ05713_PS3_K3A_NIA0363 0.185822904110 149.5 781.2 151.9 789.0 124.7 800.1 122.2 792.3
OBJ05713_PS3_K3A_NIA0363 0.184832707047 258.3 652.9 262.4 661.2 236.6 674.6 232.5 666.3
OBJ05713_PS3_K3A_NIA0363 0.184666410089 112.1 550.8 114.4 562.5 70.7 575.2 68.4 563.5
OBJ05018_PS3_K3A_NIA0329 0.303088247776 30.4 885.2 38.4 887.1 28.8 912.8 20.8 911.0
OBJ05018_PS3_K3A_NIA0329 0.290533840656 243.5 412.5 251.6 414.0 244.5 443.2 236.4 441.7
OBJ05018_PS3_K3A_NIA0329 0.191637217999 169.2 670.7 174.8 673.5 160.5 711.3 154.8 708.5
OBJ05018_PS3_K3A_NIA0329 0.180798023939 229.9 453.0 241.1 454.3 234.0 495.9 222.9 494.6
OBJ04038_PS3_K3A_NIA0170 0.207664966583 293.5 729.8 293.5 757.8 282.1 757.8 282.1 729.8
OBJ05700_PS3_K3A_NIA0362 0.201304942369 673.7 686.2 688.5 718.4 680.1 722.0 665.3 689.7
OBJ04871_PS3_K3A_NIA0318 0.372096776962 718.2 100.1 718.2 112.3 665.8 112.3 665.8 100.1
OBJ04871_PS3_K3A_NIA0318 0.321784913540 718.9 58.6 718.9 68.3 666.2 68.3 666.2 58.6
OBJ04871_PS3_K3A_NIA0318 0.181306511164 989.2 106.5 989.2 119.7 943.6 119.7 943.6 106.5
OBJ05016_PS3_K3A_NIA0329 0.275047063828 327.3 572.4 330.4 582.3 296.8 592.4 293.7 582.5
OBJ05016_PS3_K3A_NIA0329 0.257543683052 620.1 337.9 628.7 343.6 612.1 366.4 603.5 360.7
OBJ05016_PS3_K3A_NIA0329 0.250856548548 242.7 586.4 245.3 595.4 221.9 602.2 219.3 593.2
OBJ05016_PS3_K3A_NIA0329 0.235868588090 219.5 599.1 223.2 608.0 191.8 620.6 188.2 611.7
OBJ05016_PS3_K3A_NIA0329 0.213813528419 300.0 582.5 302.0 590.8 272.6 598.1 270.5 589.8
OBJ05016_PS3_K3A_NIA0329 0.207039386034 302.2 606.4 306.7 617.1 269.6 627.8 265.1 617.0
OBJ03730_PS3_K3A_NIA0156 0.267859786749 965.7 841.8 999.4 854.4 995.3 863.4 961.7 850.9
OBJ03730_PS3_K3A_NIA0156 0.216741576791 259.3 171.3 288.7 180.0 286.5 188.5 257.0 179.7
OBJ03730_PS3_K3A_NIA0156 0.201129466295 942.8 802.6 966.6 809.7 963.5 817.6 939.8 810.5
OBJ03730_PS3_K3A_NIA0156 0.200545147061 738.4 740.5 767.3 749.4 764.1 759.5 735.2 750.5
OBJ04007_PS3_K3A_NIA0167 0.269893616438 519.1 563.7 523.7 599.0 513.1 600.7 508.6 565.4
OBJ03618_PS3_K3A_NIA0151 0.277474164963 989.4 981.8 1008.4 1014.3 1000.9 1018.2 981.8 985.7
OBJ03618_PS3_K3A_NIA0151 0.209139987826 1010.1 85.9 1017.8 91.0 992.8 124.2 985.0 119.1
OBJ03618_PS3_K3A_NIA0151 0.203982472420 971.0 937.0 985.8 976.4 975.1 980.4 960.2 941.0
OBJ05624_PS3_K3A_NIA0358 0.201260030270 606.1 922.0 606.1 930.8 571.3 930.8 571.3 922.0
OBJ04084_PS3_K3A_NIA0172 0.588802278042 387.9 472.3 418.2 483.3 414.4 491.1 384.1 480.0
OBJ04084_PS3_K3A_NIA0172 0.562682628632 970.5 633.9 997.1 649.2 993.6 655.0 967.0 639.7
OBJ04084_PS3_K3A_NIA0172 0.529761791229 980.3 596.4 1011.8 617.4 1005.3 624.0 973.8 603.0
OBJ04084_PS3_K3A_NIA0172 0.527543127537 946.7 664.3 977.8 680.2 972.3 688.1 941.2 672.2
OBJ04084_PS3_K3A_NIA0172 0.511491715908 975.0 708.7 1000.6 722.2 996.2 729.5 970.6 716.0
OBJ04084_PS3_K3A_NIA0172 0.494608044624 982.6 678.6 1009.3 695.4 1003.5 703.2 976.8 686.3
OBJ04084_PS3_K3A_NIA0172 0.494157940149 951.8 652.0 978.0 667.3 971.8 674.6 945.6 659.3
OBJ04084_PS3_K3A_NIA0172 0.486429899931 449.3 493.6 477.1 504.7 472.4 513.4 444.6 502.3
OBJ04084_PS3_K3A_NIA0172 0.471537411213 921.9 740.0 950.7 753.9 945.7 762.3 916.8 748.4
OBJ04084_PS3_K3A_NIA0172 0.465650856495 984.3 778.5 1021.9 794.6 1016.8 804.1 979.2 788.0
OBJ04084_PS3_K3A_NIA0172 0.457950353622 422.4 485.0 448.8 496.0 445.2 503.1 418.8 492.0
OBJ04084_PS3_K3A_NIA0172 0.440517812967 925.3 598.8 958.0 615.8 952.2 623.2 919.4 606.2
OBJ04084_PS3_K3A_NIA0172 0.434145718813 949.2 621.4 973.5 633.5 968.9 640.9 944.6 628.8
OBJ04084_PS3_K3A_NIA0172 0.414930164814 390.3 490.5 417.5 502.3 414.0 510.2 386.8 498.3
OBJ04084_PS3_K3A_NIA0172 0.413743168116 989.4 656.1 1018.4 677.4 1012.1 684.5 983.2 663.1
OBJ04084_PS3_K3A_NIA0172 0.412204295397 959.1 809.4 992.6 821.1 988.2 830.3 954.7 818.6
OBJ04084_PS3_K3A_NIA0172 0.400581449270 997.2 732.9 1023.1 747.5 1019.6 754.9 993.8 740.3
OBJ04084_PS3_K3A_NIA0172 0.394827246666 421.8 505.5 447.5 516.7 444.1 523.3 418.4 512.1
OBJ04084_PS3_K3A_NIA0172 0.393312335014 948.3 695.2 974.8 707.7 969.8 715.5 943.4 703.0
OBJ04084_PS3_K3A_NIA0172 0.381023347378 969.2 453.5 997.6 477.1 992.3 484.1 963.9 460.5
OBJ04084_PS3_K3A_NIA0172 0.377658963203 952.5 638.2 985.2 655.3 980.3 662.7 947.6 645.6
OBJ04084_PS3_K3A_NIA0172 0.372525423765 932.4 753.2 966.1 767.6 960.7 778.4 927.0 764.0
OBJ04084_PS3_K3A_NIA0172 0.372331559658 980.1 762.5 1013.1 776.3 1007.8 783.2 974.9 769.4
OBJ04084_PS3_K3A_NIA0172 0.370258390903 969.5 494.9 997.8 514.7 990.9 523.3 962.6 503.5
OBJ04084_PS3_K3A_NIA0172 0.370119243860 541.1 503.1 572.2 517.8 567.1 527.4 536.0 512.7
OBJ04084_PS3_K3A_NIA0172 0.369942367077 779.2 429.9 806.9 445.1 801.5 453.3 773.9 438.0
OBJ04084_PS3_K3A_NIA0172 0.366502583027 955.2 742.8 980.7 754.2 977.6 762.1 952.0 750.6
OBJ04084_PS3_K3A_NIA0172 0.364619225264 938.8 678.1 975.0 694.5 969.6 703.3 933.4 686.9
OBJ04084_PS3_K3A_NIA0172 0.360754549503 906.1 469.1 936.3 484.7 930.9 492.5 900.7 476.8
OBJ04084_PS3_K3A_NIA0172 0.360422909260 894.7 488.3 926.0 505.2 919.9 514.4 888.6 497.5
OBJ04084_PS3_K3A_NIA0172 0.353578507900 258.3 831.9 281.9 852.2 275.1 859.6 251.5 839.3
OBJ04084_PS3_K3A_NIA0172 0.344640225172 998.0 521.6 1024.4 544.5 1018.6 550.6 992.2 527.7
OBJ04084_PS3_K3A_NIA0172 0.342914849520 611.4 487.8 636.9 495.2 633.6 502.3 608.1 495.0
OBJ04084_PS3_K3A_NIA0172 0.340436846018 941.6 713.9 969.1 726.6 964.1 734.8 936.6 722.1
OBJ04084_PS3_K3A_NIA0172 0.332843810320 766.0 443.6 797.4 459.4 792.1 467.6 760.7 451.8
OBJ04084_PS3_K3A_NIA0172 0.330155283213 997.6 707.0 1021.6 721.1 1018.5 726.8 994.5 712.7
OBJ04084_PS3_K3A_NIA0172 0.329459041357 891.2 723.7 927.4 740.0 921.2 751.6 885.0 735.3
OBJ04084_PS3_K3A_NIA0172 0.325061351061 582.5 481.6 612.4 488.2 609.4 496.9 579.4 490.4
OBJ04084_PS3_K3A_NIA0172 0.324184924364 928.6 567.4 954.9 578.2 950.6 586.4 924.4 575.6
OBJ04084_PS3_K3A_NIA0172 0.322025567293 997.7 823.4 1022.1 832.0 1018.8 840.9 994.4 832.3
OBJ04084_PS3_K3A_NIA0172 0.320043295622 510.0 473.2 538.8 477.4 536.0 489.0 507.2 484.8
OBJ04084_PS3_K3A_NIA0172 0.318492799997 1009.0 490.1 1025.8 508.9 1018.0 515.8 1001.2 497.0
OBJ04084_PS3_K3A_NIA0172 0.317147403955 982.8 733.8 1010.0 747.3 1005.3 757.3 978.1 743.9
OBJ04084_PS3_K3A_NIA0172 0.314705550671 935.4 422.7 962.3 438.5 956.8 446.4 929.9 430.6
OBJ04084_PS3_K3A_NIA0172 0.311090201139 950.6 443.5 971.6 458.8 966.3 465.0 945.3 449.6
OBJ04084_PS3_K3A_NIA0172 0.310101777315 767.9 467.7 791.9 477.5 788.2 483.7 764.3 473.8
OBJ04084_PS3_K3A_NIA0172 0.310002714396 461.5 465.7 492.2 473.1 489.2 482.8 458.5 475.5
OBJ04084_PS3_K3A_NIA0172 0.308517307043 999.6 454.4 1019.7 476.6 1015.3 481.1 995.2 458.9
OBJ04084_PS3_K3A_NIA0172 0.295408517122 953.0 586.1 971.6 597.0 968.2 603.7 949.5 592.8
OBJ04084_PS3_K3A_NIA0172 0.280061423779 962.8 767.0 987.5 776.9 983.6 789.3 958.9 779.5
OBJ04084_PS3_K3A_NIA0172 0.272158563137 793.1 743.7 823.9 758.5 817.3 769.1 786.5 754.2
OBJ04084_PS3_K3A_NIA0172 0.270076334476 882.3 708.6 905.4 720.5 900.0 729.5 876.9 717.7
OBJ04084_PS3_K3A_NIA0172 0.267938762903 978.8 482.3 1001.9 499.4 996.4 506.4 973.3 489.3
OBJ04084_PS3_K3A_NIA0172 0.266164958477 945.1 473.6 966.5 485.6 962.6 492.9 941.2 480.9
OBJ04084_PS3_K3A_NIA0172 0.254318565130 439.5 447.6 471.9 453.1 470.7 463.6 438.3 458.2
OBJ04084_PS3_K3A_NIA0172 0.254007995129 360.3 477.9 388.4 490.7 386.3 497.9 358.2 485.1
OBJ04084_PS3_K3A_NIA0172 0.253671586514 1000.0 467.3 1020.9 490.0 1014.5 495.9 993.5 473.2
OBJ04084_PS3_K3A_NIA0172 0.234607055783 947.4 564.4 977.5 579.5 973.4 586.7 943.3 571.6
OBJ04084_PS3_K3A_NIA0172 0.232544124126 450.5 478.8 476.1 487.6 473.8 496.6 448.2 487.8
OBJ04084_PS3_K3A_NIA0172 0.231291964650 718.3 454.4 762.0 471.7 756.7 482.1 713.0 464.8
OBJ04084_PS3_K3A_NIA0172 0.228268176317 630.4 503.9 663.2 517.2 658.4 527.5 625.6 514.2
OBJ04084_PS3_K3A_NIA0172 0.223302349448 879.5 522.1 910.8 540.0 904.7 549.9 873.4 532.0
OBJ04084_PS3_K3A_NIA0172 0.222779378295 913.1 648.4 947.3 663.9 940.2 677.0 906.0 661.6
OBJ04084_PS3_K3A_NIA0172 0.217239797115 728.6 439.6 777.6 459.6 773.4 470.5 724.5 450.5
OBJ04084_PS3_K3A_NIA0172 0.215447321534 921.5 457.4 947.1 471.4 941.9 479.9 916.4 465.9
OBJ04084_PS3_K3A_NIA0172 0.213697060943 867.9 548.3 908.8 566.0 903.0 579.3 862.1 561.6
OBJ04084_PS3_K3A_NIA0172 0.210174351931 965.0 786.9 1000.7 799.0 996.3 811.2 960.6 799.1
OBJ04084_PS3_K3A_NIA0172 0.205786362290 733.2 718.2 761.7 734.0 756.8 742.6 728.2 726.8
OBJ04084_PS3_K3A_NIA0172 0.204058855772 878.8 537.3 910.6 553.4 905.4 562.8 873.5 546.7
OBJ04084_PS3_K3A_NIA0172 0.200371474028 679.5 418.0 720.3 429.3 715.5 440.5 674.7 429.2
OBJ04084_PS3_K3A_NIA0172 0.200321778655 916.5 486.6 956.6 506.7 950.1 518.1 910.0 498.1
OBJ04084_PS3_K3A_NIA0172 0.200284451246 429.1 524.1 459.7 540.1 454.7 547.4 424.1 531.4
OBJ04084_PS3_K3A_NIA0172 0.198740184307 278.7 848.8 298.1 857.9 293.7 868.1 274.3 859.0
OBJ04084_PS3_K3A_NIA0172 0.198400646448 379.3 841.5 415.3 855.1 410.8 864.3 374.9 850.7
OBJ04084_PS3_K3A_NIA0172 0.196277827024 911.8 540.3 947.8 558.3 941.1 569.6 905.1 551.6
OBJ04084_PS3_K3A_NIA0172 0.194792643189 893.2 670.6 925.4 686.6 920.1 696.5 887.9 680.5
OBJ04084_PS3_K3A_NIA0172 0.186298608780 755.6 475.4 792.2 493.0 788.1 500.1 751.5 482.5
OBJ04084_PS3_K3A_NIA0172 0.184452608228 576.3 645.5 604.0 661.1 600.8 666.8 573.1 651.2
OBJ04084_PS3_K3A_NIA0172 0.181799411774 667.3 200.0 667.3 210.4 619.7 210.4 619.7 200.0
OBJ04084_PS3_K3A_NIA0172 0.181652277708 901.0 683.7 946.4 707.4 938.7 723.3 893.3 699.7
OBJ04084_PS3_K3A_NIA0172 0.180688858032 788.6 762.1 812.2 772.6 808.9 780.4 785.3 769.9
OBJ04084_PS3_K3A_NIA0172 0.180463865399 899.4 744.9 930.0 759.2 926.4 771.5 895.9 757.1
OBJ05625_PS3_K3A_NIA0358 0.435992211103 993.3 870.6 996.1 876.9 970.7 886.4 967.9 880.1
OBJ05625_PS3_K3A_NIA0358 0.246080711484 965.9 879.2 968.5 886.9 937.7 895.2 935.2 887.4
OBJ05625_PS3_K3A_NIA0358 0.240289896727 893.5 900.9 893.5 911.0 863.7 911.0 863.7 900.9
OBJ05625_PS3_K3A_NIA0358 0.228506028652 1013.5 823.0 1016.5 828.9 990.4 838.8 987.3 832.9
OBJ05625_PS3_K3A_NIA0358 0.223284751177 998.8 808.4 1001.1 814.9 971.5 825.0 969.1 818.5
OBJ05625_PS3_K3A_NIA0358 0.214469894767 221.5 1003.2 221.5 1014.8 190.7 1014.8 190.7 1003.2
OBJ05625_PS3_K3A_NIA0358 0.210072830319 437.5 996.0 437.5 1006.2 409.4 1006.2 409.4 996.0
OBJ05625_PS3_K3A_NIA0358 0.194430515170 905.5 829.3 908.9 835.9 882.3 850.0 878.9 843.4
OBJ05625_PS3_K3A_NIA0358 0.186760216951 935.7 891.4 937.5 898.5 903.4 908.4 901.6 901.2
OBJ05625_PS3_K3A_NIA0358 0.184267058969 1022.3 862.0 1024.1 873.7 1002.1 879.3 1000.3 867.5
OBJ04937_PS3_K3A_NIA0324 0.249385997653 487.1 331.8 510.5 353.8 505.0 359.0 481.6 337.1
OBJ03825_PS3_K3A_NIA0160 0.379342734814 30.5 303.1 30.5 335.2 19.2 335.2 19.2 303.1
OBJ03825_PS3_K3A_NIA0160 0.376339107752 155.6 309.2 155.6 342.9 145.0 342.9 145.0 309.2
OBJ03825_PS3_K3A_NIA0160 0.358996123075 156.2 564.0 156.2 598.6 146.5 598.6 146.5 564.0
OBJ03825_PS3_K3A_NIA0160 0.354835271835 152.4 339.9 152.4 368.7 143.0 368.7 143.0 339.9
OBJ03825_PS3_K3A_NIA0160 0.319950670004 257.9 359.3 257.9 387.4 249.9 387.4 249.9 359.3
OBJ03825_PS3_K3A_NIA0160 0.289716869593 69.5 97.4 77.7 121.7 70.7 125.7 62.5 101.4
OBJ03825_PS3_K3A_NIA0160 0.287872344255 156.1 525.8 156.1 556.4 146.4 556.4 146.4 525.8
OBJ03825_PS3_K3A_NIA0160 0.282745361328 22.2 337.8 22.2 368.8 12.4 368.8 12.4 337.8
OBJ03825_PS3_K3A_NIA0160 0.279685348272 156.8 377.2 156.8 410.7 145.9 410.7 145.9 377.2
OBJ03825_PS3_K3A_NIA0160 0.271047979593 155.6 488.2 155.6 517.3 145.3 517.3 145.3 488.2
OBJ03825_PS3_K3A_NIA0160 0.259962260723 156.7 595.3 156.7 622.4 148.0 622.4 148.0 595.3
OBJ03825_PS3_K3A_NIA0160 0.239950329065 270.0 432.7 270.0 464.1 261.7 464.1 261.7 432.7
OBJ03825_PS3_K3A_NIA0160 0.221830606461 157.7 450.2 157.7 483.8 147.1 483.8 147.1 450.2
OBJ03825_PS3_K3A_NIA0160 0.217486768961 82.9 331.0 82.9 363.0 71.2 363.0 71.2 331.0
OBJ03825_PS3_K3A_NIA0160 0.216871812940 259.2 404.0 259.2 436.1 250.0 436.1 250.0 404.0
OBJ03825_PS3_K3A_NIA0160 0.200148850679 157.9 417.0 157.9 451.2 147.4 451.2 147.4 417.0
OBJ03825_PS3_K3A_NIA0160 0.184816688299 159.6 241.2 159.6 275.4 147.1 275.4 147.1 241.2
OBJ04022_PS3_K3A_NIA0169 0.476764380932 703.4 507.2 703.4 535.9 690.5 535.9 690.5 507.2
OBJ04022_PS3_K3A_NIA0169 0.443154036999 690.6 561.8 690.6 592.6 676.4 592.6 676.4 561.8
OBJ04022_PS3_K3A_NIA0169 0.396484732628 710.6 456.1 710.6 484.8 696.7 484.8 696.7 456.1
OBJ04022_PS3_K3A_NIA0169 0.389428645372 681.5 515.7 681.5 543.6 669.6 543.6 669.6 515.7
OBJ04022_PS3_K3A_NIA0169 0.379560261965 671.3 486.8 671.3 517.0 657.7 517.0 657.7 486.8
OBJ04022_PS3_K3A_NIA0169 0.371411502361 668.9 542.0 668.9 568.6 655.9 568.6 655.9 542.0
OBJ04022_PS3_K3A_NIA0169 0.368112862110 684.3 386.4 690.1 412.4 681.5 414.8 675.7 388.8
OBJ04022_PS3_K3A_NIA0169 0.367709606886 693.3 594.7 697.9 623.4 686.2 625.7 681.6 597.0
OBJ04022_PS3_K3A_NIA0169 0.367616176605 676.6 568.0 676.6 595.8 663.2 595.8 663.2 568.0
OBJ04022_PS3_K3A_NIA0169 0.364986568689 697.7 418.6 697.7 448.9 683.1 448.9 683.1 418.6
OBJ04022_PS3_K3A_NIA0169 0.349544197321 676.7 387.3 676.7 415.4 664.0 415.4 664.0 387.3
OBJ04022_PS3_K3A_NIA0169 0.345194250345 657.2 573.6 657.2 603.6 643.3 603.6 643.3 573.6
OBJ04022_PS3_K3A_NIA0169 0.342947989702 592.3 211.5 599.6 239.4 589.9 241.8 582.7 213.8
OBJ04022_PS3_K3A_NIA0169 0.339776545763 657.2 488.4 657.2 517.8 643.3 517.8 643.3 488.4
OBJ04022_PS3_K3A_NIA0169 0.339219629765 731.5 608.4 738.2 636.7 729.3 639.3 722.6 611.0
OBJ04022_PS3_K3A_NIA0169 0.334595113993 630.6 535.8 638.0 561.7 630.9 564.7 623.4 538.8
OBJ04022_PS3_K3A_NIA0169 0.326357066631 555.3 90.5 565.4 116.8 555.2 120.8 545.2 94.5
OBJ04022_PS3_K3A_NIA0169 0.316375851631 678.1 425.1 678.1 455.3 664.5 455.3 664.5 425.1
OBJ04022_PS3_K3A_NIA0169 0.315427452326 723.7 797.2 723.7 823.8 711.2 823.8 711.2 797.2
OBJ04022_PS3_K3A_NIA0169 0.314234137535 611.5 203.9 618.2 229.2 608.6 232.0 601.9 206.7
OBJ04022_PS3_K3A_NIA0169 0.309039980173 690.2 462.0 690.2 486.7 677.5 486.7 677.5 462.0
OBJ04022_PS3_K3A_NIA0169 0.303259938955 721.2 501.6 721.2 532.9 705.4 532.9 705.4 501.6
OBJ04022_PS3_K3A_NIA0169 0.282574117184 623.6 347.5 623.6 373.6 611.3 373.6 611.3 347.5
OBJ04022_PS3_K3A_NIA0169 0.280690044165 739.6 842.7 739.6 875.1 725.0 875.1 725.0 842.7
OBJ04022_PS3_K3A_NIA0169 0.280306249857 684.0 702.8 684.0 731.7 671.1 731.7 671.1 702.8
OBJ04022_PS3_K3A_NIA0169 0.274744153023 716.5 770.9 716.5 797.0 705.0 797.0 705.0 770.9
OBJ04022_PS3_K3A_NIA0169 0.270631223917 663.1 514.9 663.1 543.2 649.2 543.2 649.2 514.9
OBJ04022_PS3_K3A_NIA0169 0.267965525389 716.9 741.8 716.9 772.0 705.3 772.0 705.3 741.8
OBJ04022_PS3_K3A_NIA0169 0.267727971077 663.5 662.3 663.5 691.1 650.3 691.1 650.3 662.3
OBJ04022_PS3_K3A_NIA0169 0.258243262768 681.5 668.1 681.5 699.6 668.9 699.6 668.9 668.1
OBJ04022_PS3_K3A_NIA0169 0.256456226110 677.1 597.5 677.1 622.3 663.1 622.3 663.1 597.5
OBJ04022_PS3_K3A_NIA0169 0.252426266670 622.4 320.0 622.4 347.8 610.0 347.8 610.0 320.0
OBJ04022_PS3_K3A_NIA0169 0.250346392393 652.1 601.1 652.1 632.1 637.1 632.1 637.1 601.1
OBJ04022_PS3_K3A_NIA0169 0.250268101692 576.2 196.7 587.2 224.0 577.6 227.5 566.6 200.3
OBJ04022_PS3_K3A_NIA0169 0.246841296554 698.3 656.6 706.0 693.7 695.5 696.7 687.8 659.6
OBJ04022_PS3_K3A_NIA0169 0.243908435106 702.5 695.2 702.5 725.5 691.0 725.5 691.0 695.2
OBJ04022_PS3_K3A_NIA0169 0.242089375854 563.7 735.7 572.4 762.9 561.8 766.4 553.1 739.1
OBJ04022_PS3_K3A_NIA0169 0.233740344644 638.6 351.9 644.7 380.6 635.2 382.4 629.1 353.7
OBJ04022_PS3_K3A_NIA0169 0.227699741721 617.6 289.9 617.6 322.8 602.9 322.8 602.9 289.9
OBJ04022_PS3_K3A_NIA0169 0.225175723433 630.0 366.6 630.0 395.5 617.4 395.5 617.4 366.6
OBJ04022_PS3_K3A_NIA0169 0.222317650914 704.7 725.6 704.7 751.6 690.9 751.6 690.9 725.6
OBJ04022_PS3_K3A_NIA0169 0.213900357485 740.8 197.8 756.2 221.3 748.9 226.2 733.5 202.7
OBJ04022_PS3_K3A_NIA0169 0.209225952625 678.8 735.3 678.8 767.2 664.3 767.2 664.3 735.3
OBJ04022_PS3_K3A_NIA0169 0.206853806973 640.1 492.7 640.1 509.5 606.2 509.5 606.2 492.7
OBJ04022_PS3_K3A_NIA0169 0.205771684647 735.5 550.3 735.5 577.8 722.5 577.8 722.5 550.3
OBJ04022_PS3_K3A_NIA0169 0.204410776496 643.2 440.5 643.2 469.2 631.8 469.2 631.8 440.5
OBJ04022_PS3_K3A_NIA0169 0.200666233897 940.6 439.8 946.9 470.0 939.2 471.6 933.0 441.3
OBJ04022_PS3_K3A_NIA0169 0.199122354388 596.8 177.1 605.3 202.1 596.5 205.3 587.9 180.3
OBJ04022_PS3_K3A_NIA0169 0.198467999697 751.8 235.0 769.4 267.6 760.6 272.6 743.1 239.9
OBJ04022_PS3_K3A_NIA0169 0.196971237659 702.1 484.4 702.1 508.0 691.2 508.0 691.2 484.4
OBJ04022_PS3_K3A_NIA0169 0.196516007185 778.0 199.1 799.9 223.0 794.8 226.9 772.9 203.0
OBJ04022_PS3_K3A_NIA0169 0.194188311696 294.3 231.3 294.3 260.4 281.6 260.4 281.6 231.3
OBJ04022_PS3_K3A_NIA0169 0.193575158715 718.4 830.0 718.4 859.3 705.1 859.3 705.1 830.0
OBJ04022_PS3_K3A_NIA0169 0.192278727889 693.0 759.8 693.0 782.9 675.7 782.9 675.7 759.8
OBJ04022_PS3_K3A_NIA0169 0.189973443747 664.9 346.1 664.9 375.3 649.8 375.3 649.8 346.1
OBJ04022_PS3_K3A_NIA0169 0.189670190215 612.8 246.7 619.1 273.9 608.1 275.9 601.9 248.7
OBJ04022_PS3_K3A_NIA0169 0.187690034509 697.2 803.8 697.2 832.3 684.9 832.3 684.9 803.8
OBJ04022_PS3_K3A_NIA0169 0.186592221260 636.0 386.5 636.0 415.6 623.2 415.6 623.2 386.5
OBJ04022_PS3_K3A_NIA0169 0.184044703841 614.9 379.9 614.9 407.7 602.6 407.7 602.6 379.9
OBJ04022_PS3_K3A_NIA0169 0.183491721749 730.0 820.1 730.0 845.2 719.9 845.2 719.9 820.1
OBJ04022_PS3_K3A_NIA0169 0.182821959257 702.4 823.2 702.4 855.1 690.9 855.1 690.9 823.2
OBJ04022_PS3_K3A_NIA0169 0.182031631470 637.4 871.0 643.5 896.5 635.5 898.4 629.4 872.8
OBJ04022_PS3_K3A_NIA0169 0.181832790375 623.7 891.3 632.9 922.1 625.5 924.4 616.2 893.6
OBJ04022_PS3_K3A_NIA0169 0.181296333671 646.8 318.9 653.0 345.4 642.3 348.7 636.1 322.2
OBJ05102_PS3_K3A_NIA0333 0.279209256172 769.7 75.0 803.9 83.3 800.9 93.6 766.6 85.3
OBJ05102_PS3_K3A_NIA0333 0.270925194025 781.2 3.1 781.2 18.3 748.8 18.3 748.8 3.1
OBJ05102_PS3_K3A_NIA0333 0.262237161398 1018.7 116.7 1018.7 131.3 984.4 131.3 984.4 116.7
OBJ05102_PS3_K3A_NIA0333 0.252153992653 924.7 103.5 957.5 109.8 954.3 120.2 921.4 114.0
OBJ05102_PS3_K3A_NIA0333 0.218883395195 918.4 4.3 918.4 14.3 893.4 14.3 893.4 4.3
OBJ05102_PS3_K3A_NIA0333 0.208439141512 926.6 16.1 926.6 29.6 898.2 29.6 898.2 16.1
OBJ05102_PS3_K3A_NIA0333 0.204633072019 826.0 88.8 853.7 95.1 851.3 105.2 823.6 98.9
OBJ05102_PS3_K3A_NIA0333 0.203115805984 720.7 204.6 720.7 217.2 687.6 217.2 687.6 204.6
OBJ05102_PS3_K3A_NIA0333 0.201109632850 729.3 74.7 762.5 81.0 760.1 93.4 726.9 87.0
OBJ05102_PS3_K3A_NIA0333 0.200771838427 131.4 16.1 131.4 30.0 105.0 30.0 105.0 16.1
OBJ05308_PS3_K3A_NIA0344 0.249574139714 109.5 793.0 113.0 798.3 87.4 816.9 83.9 811.6
OBJ05308_PS3_K3A_NIA0344 0.188728600740 134.4 808.5 138.9 813.8 116.5 829.2 111.9 823.8
OBJ05029_PS3_K3A_NIA0329 0.391353100538 15.1 730.4 23.0 730.7 19.2 758.2 11.2 757.9
OBJ05029_PS3_K3A_NIA0329 0.388477593660 28.4 701.3 36.3 702.7 31.3 733.1 23.5 731.7
OBJ05029_PS3_K3A_NIA0329 0.366803348064 23.8 742.0 32.4 744.4 24.5 775.3 15.9 772.9
OBJ05029_PS3_K3A_NIA0329 0.357193380594 43.9 639.8 50.4 641.2 42.5 672.0 35.9 670.6
OBJ05029_PS3_K3A_NIA0329 0.328013777733 30.3 666.2 38.1 667.0 30.4 699.3 22.6 698.6
OBJ05029_PS3_K3A_NIA0329 0.309319436550 9.9 643.8 16.1 645.7 8.7 680.3 2.5 678.5
OBJ05029_PS3_K3A_NIA0329 0.308140009642 61.7 709.2 70.0 709.6 64.8 739.5 56.5 739.0
OBJ05029_PS3_K3A_NIA0329 0.295720100403 71.3 674.4 78.9 675.1 73.0 706.7 65.4 706.0
OBJ05029_PS3_K3A_NIA0329 0.285411477089 18.2 775.9 24.4 778.3 14.6 808.8 8.3 806.3
OBJ05029_PS3_K3A_NIA0329 0.272782295942 57.1 597.3 64.3 599.4 56.1 633.8 48.9 631.7
OBJ05029_PS3_K3A_NIA0329 0.264001786709 27.4 254.3 35.8 255.9 21.9 291.1 13.5 289.5
OBJ05029_PS3_K3A_NIA0329 0.255380600691 25.2 203.6 32.4 204.8 21.3 233.8 14.1 232.6
OBJ05029_PS3_K3A_NIA0329 0.237766429782 45.1 305.3 52.6 306.9 41.0 336.2 33.5 334.6
OBJ05029_PS3_K3A_NIA0329 0.231163114309 94.2 78.2 103.1 80.7 87.8 118.2 79.0 115.6
OBJ05029_PS3_K3A_NIA0329 0.223166808486 23.8 588.8 31.1 589.8 22.7 630.4 15.4 629.4
OBJ05029_PS3_K3A_NIA0329 0.220933780074 47.4 200.8 55.6 202.3 40.7 238.3 32.6 236.8
OBJ05029_PS3_K3A_NIA0329 0.220034465194 39.5 162.3 47.0 162.8 34.0 194.7 26.5 194.2
OBJ05029_PS3_K3A_NIA0329 0.213592067361 79.6 112.8 88.2 114.6 75.4 149.4 66.8 147.6
OBJ05029_PS3_K3A_NIA0329 0.205500870943 8.8 800.0 17.0 801.9 9.8 836.7 1.7 834.8
OBJ05029_PS3_K3A_NIA0329 0.203211501241 138.2 142.5 147.1 143.3 139.3 172.5 130.3 171.8
OBJ05029_PS3_K3A_NIA0329 0.199059233069 58.0 170.9 66.1 172.4 57.1 200.7 49.1 199.2
OBJ05029_PS3_K3A_NIA0329 0.197054818273 93.0 -0.6 101.6 1.5 88.6 32.9 80.0 30.9
OBJ05029_PS3_K3A_NIA0329 0.194144755602 124.2 2.6 132.6 4.0 122.9 30.1 114.5 28.8
OBJ05029_PS3_K3A_NIA0329 0.186649397016 53.3 263.9 60.8 266.9 50.3 293.8 42.8 290.9
OBJ05029_PS3_K3A_NIA0329 0.186507627368 228.6 61.8 233.4 61.9 223.8 92.7 219.0 92.6
OBJ05029_PS3_K3A_NIA0329 0.186467707157 78.4 48.7 86.2 50.9 76.1 80.1 68.4 77.9
OBJ04569_PS3_K3A_NIA0301 0.540154695511 891.0 889.4 927.7 918.5 921.8 925.8 885.1 896.6
OBJ04569_PS3_K3A_NIA0301 0.500383794308 960.3 943.0 992.0 968.7 987.2 974.8 955.5 949.1
OBJ04569_PS3_K3A_NIA0301 0.447239279747 893.5 925.1 923.4 949.7 917.6 955.4 887.6 930.8
OBJ04569_PS3_K3A_NIA0301 0.431665718555 928.2 917.1 958.0 942.3 951.8 949.4 921.9 924.1
OBJ04569_PS3_K3A_NIA0301 0.430284053087 990.3 965.1 1020.5 990.2 1014.1 996.7 983.9 971.5
OBJ04569_PS3_K3A_NIA0301 0.400315046310 842.7 887.0 881.3 917.3 876.6 924.4 838.0 894.0
OBJ04569_PS3_K3A_NIA0301 0.382956922054 890.7 957.8 922.7 984.6 918.4 990.3 886.4 963.5
OBJ04569_PS3_K3A_NIA0301 0.378093510866 922.6 981.1 961.2 1012.5 954.9 1018.8 916.3 987.5
OBJ04569_PS3_K3A_NIA0301 0.373722881079 858.1 864.8 888.6 888.3 883.8 894.9 853.3 871.4
OBJ04569_PS3_K3A_NIA0301 0.368168085814 860.4 935.3 886.1 955.3 882.8 960.9 857.1 940.9
OBJ04569_PS3_K3A_NIA0301 0.349404454231 919.8 946.1 948.5 969.9 944.2 974.7 915.5 951.0
OBJ04569_PS3_K3A_NIA0301 0.347338765860 827.9 908.9 864.3 937.2 859.7 944.2 823.3 915.9
OBJ04569_PS3_K3A_NIA0301 0.324012219906 944.3 964.1 978.0 991.8 972.9 997.4 939.2 969.8
OBJ04569_PS3_K3A_NIA0301 0.308394640684 995.7 938.5 1023.7 960.1 1018.2 966.5 990.2 945.0
OBJ04569_PS3_K3A_NIA0301 0.277836620808 806.4 858.9 849.3 891.9 844.5 899.3 801.7 866.2
OBJ04569_PS3_K3A_NIA0301 0.274639844894 791.5 882.4 832.6 912.3 827.5 919.0 786.4 889.1
OBJ04569_PS3_K3A_NIA0301 0.204258322716 438.0 279.3 462.8 300.8 456.9 306.4 432.1 284.9
OBJ04569_PS3_K3A_NIA0301 0.188951015472 872.3 973.1 903.9 997.1 898.9 1002.6 867.3 978.6
OBJ04569_PS3_K3A_NIA0301 0.183036074042 972.8 266.7 972.8 294.0 958.9 294.0 958.9 266.7
OBJ00949_PS3_K3_NIA0089 0.233892664313 696.3 75.8 721.5 97.4 715.4 103.3 690.2 81.8
OBJ00949_PS3_K3_NIA0089 0.192499265075 949.0 266.7 971.9 285.0 968.5 291.1 945.6 272.8
OBJ04659_PS3_K3A_NIA0309 0.290587902069 605.5 916.7 610.5 921.7 587.3 947.5 582.4 942.5
OBJ04659_PS3_K3A_NIA0309 0.258725166321 652.5 859.8 657.6 865.6 633.0 887.9 627.9 882.0
OBJ04659_PS3_K3A_NIA0309 0.254723548889 641.4 892.6 647.6 898.5 630.0 917.1 623.7 911.3
OBJ04659_PS3_K3A_NIA0309 0.250022053719 731.4 760.0 739.2 764.7 716.3 795.3 708.5 790.6
OBJ04659_PS3_K3A_NIA0309 0.249066755176 683.0 838.0 689.0 843.1 669.9 865.7 663.8 860.6
OBJ04659_PS3_K3A_NIA0309 0.187793523073 708.4 806.6 715.3 811.4 700.7 830.5 693.9 825.7
OBJ04659_PS3_K3A_NIA0309 0.187174364924 668.7 859.9 674.3 867.0 657.2 884.9 651.7 877.9
OBJ03649_PS3_K3A_NIA0153 0.226954922080 352.2 495.8 372.2 519.6 366.7 524.2 346.6 500.4
OBJ05758_PS3_K3A_NIA0365 0.473852604628 182.0 773.7 219.3 784.3 215.6 793.4 178.3 782.8
OBJ05758_PS3_K3A_NIA0365 0.429032564163 218.2 778.0 251.0 785.6 248.0 794.4 215.1 786.8
OBJ05758_PS3_K3A_NIA0365 0.424202412367 329.4 803.3 366.2 812.5 363.2 822.4 326.3 813.2
OBJ05758_PS3_K3A_NIA0365 0.390948772430 142.5 760.9 180.4 771.6 176.5 781.0 138.6 770.3
OBJ05758_PS3_K3A_NIA0365 0.365215033293 290.7 796.6 327.1 805.7 323.6 815.0 287.3 805.9
OBJ05758_PS3_K3A_NIA0365 0.359741270542 578.9 870.7 616.5 878.2 615.2 887.7 577.6 880.2
OBJ05758_PS3_K3A_NIA0365 0.359227478504 544.1 863.1 580.8 872.3 578.8 879.7 542.1 870.5
OBJ05758_PS3_K3A_NIA0365 0.355163663626 687.3 897.7 722.8 905.4 720.5 914.2 685.0 906.5
OBJ05758_PS3_K3A_NIA0365 0.339484483004 274.6 775.6 301.5 781.6 298.4 791.8 271.5 785.9
OBJ05758_PS3_K3A_NIA0365 0.322855889797 512.3 857.5 547.2 863.4 545.4 872.1 510.5 866.2
OBJ05758_PS3_K3A_NIA0365 0.322072535753 424.4 790.8 424.4 806.1 393.0 806.1 393.0 790.8
OBJ05758_PS3_K3A_NIA0365 0.309546828270 251.5 788.6 286.6 797.1 282.9 806.3 247.9 797.7
OBJ05758_PS3_K3A_NIA0365 0.306734442711 436.7 837.0 475.8 844.3 473.9 853.6 434.8 846.3
OBJ05758_PS3_K3A_NIA0365 0.301644384861 188.5 756.0 214.0 762.3 210.0 774.1 184.5 767.8
OBJ05758_PS3_K3A_NIA0365 0.299972593784 753.8 915.1 791.8 926.2 789.3 934.6 751.4 923.5
OBJ05758_PS3_K3A_NIA0365 0.293034970760 224.6 762.1 247.6 768.6 241.8 780.7 218.8 774.2
OBJ05758_PS3_K3A_NIA0365 0.287513911724 476.4 843.7 516.0 851.9 513.4 862.7 473.9 854.5
OBJ05758_PS3_K3A_NIA0365 0.283668160439 111.6 757.4 138.7 764.8 137.9 771.9 110.8 764.5
OBJ05758_PS3_K3A_NIA0365 0.278768628836 83.6 749.4 113.1 757.5 112.1 764.2 82.6 756.1
OBJ05758_PS3_K3A_NIA0365 0.278551846743 394.3 825.4 432.8 831.4 432.8 840.8 394.3 834.8
OBJ05758_PS3_K3A_NIA0365 0.274924427271 828.3 930.3 865.4 939.1 862.7 949.2 825.6 940.4
OBJ05758_PS3_K3A_NIA0365 0.269212365150 720.2 905.2 755.7 913.7 754.2 921.5 718.7 913.0
OBJ05758_PS3_K3A_NIA0365 0.268684476614 363.8 814.9 401.2 823.6 398.2 834.9 360.8 826.2
OBJ05758_PS3_K3A_NIA0365 0.263629347086 648.0 886.6 681.2 894.3 680.0 902.1 646.8 894.4
OBJ05758_PS3_K3A_NIA0365 0.260599374771 326.5 776.7 356.8 783.5 354.2 792.8 324.0 786.0
OBJ05758_PS3_K3A_NIA0365 0.259311974049 58.7 743.9 86.1 750.7 84.5 757.2 57.2 750.4
OBJ05758_PS3_K3A_NIA0365 0.253876924515 28.6 730.2 61.6 738.3 59.7 746.0 26.7 737.8
OBJ05758_PS3_K3A_NIA0365 0.251551866531 77.6 728.4 107.3 735.1 104.3 745.7 74.6 739.0
OBJ05758_PS3_K3A_NIA0365 0.250141113997 292.7 762.9 324.0 770.9 322.0 779.3 290.8 771.3
OBJ05758_PS3_K3A_NIA0365 0.235274553299 164.7 777.5 194.0 783.7 193.2 793.8 163.9 787.6
OBJ05758_PS3_K3A_NIA0365 0.231497645378 797.8 912.5 829.2 920.3 827.4 927.1 795.9 919.3
OBJ05758_PS3_K3A_NIA0365 0.214856877923 330.7 789.9 365.4 796.9 363.2 807.1 328.5 800.2
OBJ05758_PS3_K3A_NIA0365 0.205310329795 4.6 729.7 30.1 735.0 28.4 743.8 3.0 738.6
OBJ05758_PS3_K3A_NIA0365 0.191441237926 399.2 808.6 431.4 814.7 428.6 827.7 396.4 821.6
OBJ05758_PS3_K3A_NIA0365 0.182019859552 831.4 918.7 864.2 925.7 861.1 934.0 828.3 926.9
