OBJ04090_PS3_K3A_NIA0174 0.185596331954 717.6 877.4 726.0 885.0 703.7 909.8 695.3 902.2
OBJ04090_PS3_K3A_NIA0174 0.185004964471 735.2 832.7 747.7 841.8 727.7 870.4 715.2 861.2
OBJ04558_PS3_K3A_NIA0300 0.235700368881 122.3 295.5 149.0 318.5 137.0 331.3 110.3 308.4
OBJ04558_PS3_K3A_NIA0300 0.210557624698 573.5 39.6 625.7 85.6 565.6 141.4 513.3 95.5
OBJ04558_PS3_K3A_NIA0300 0.182386234403 660.4 86.0 712.3 126.5 639.5 203.1 587.6 162.6
OBJ03933_PS3_K3A_NIA0166 0.187387436628 226.5 675.1 267.6 678.6 252.9 772.8 211.7 769.2
OBJ03719_PS3_K3A_NIA0156 0.190206468105 381.4 492.0 619.1 522.2 610.4 578.2 372.7 548.0
OBJ03951_PS3_K3A_NIA0166 0.207154601812 465.1 408.5 485.3 427.6 445.8 472.3 425.5 453.2
OBJ03951_PS3_K3A_NIA0166 0.203213661909 479.4 330.2 584.2 405.6 470.3 552.0 365.5 476.6
OBJ03951_PS3_K3A_NIA0166 0.198243066669 613.4 496.9 654.3 532.3 593.5 600.0 552.5 564.6
OBJ03951_PS3_K3A_NIA0166 0.194825842977 726.4 83.0 739.5 95.4 708.2 125.0 695.1 112.7
OBJ04022_PS3_K3A_NIA0169 0.199496775866 363.8 324.9 369.4 354.3 357.8 356.3 352.2 326.9
OBJ05476_PS3_K3A_NIA0166 0.280597358942 984.3 711.2 1016.1 761.1 855.0 859.0 823.2 809.1
OBJ05476_PS3_K3A_NIA0166 0.271104842424 599.5 75.2 623.2 115.2 457.6 214.3 433.8 174.3
OBJ05476_PS3_K3A_NIA0166 0.255143880844 704.9 251.5 741.2 304.0 580.5 414.5 544.2 362.0
OBJ05476_PS3_K3A_NIA0166 0.223130762577 1019.4 804.0 1049.8 845.3 912.0 942.1 881.6 900.8
OBJ05476_PS3_K3A_NIA0166 0.218562245369 845.8 483.5 877.6 529.6 722.7 627.8 691.0 581.8
OBJ05476_PS3_K3A_NIA0166 0.217629179358 557.9 221.0 567.0 239.1 540.5 257.0 531.5 238.9
OBJ05476_PS3_K3A_NIA0166 0.211892217398 463.0 674.2 475.7 695.4 433.4 722.3 420.6 701.1
OBJ05476_PS3_K3A_NIA0166 0.182930693030 437.7 606.1 470.7 649.4 444.5 666.3 411.4 623.1
