OBJ04934_PS3_K3A_NIA0324 0.571923434734 98.6 370.7 98.6 428.7 40.3 428.7 40.3 370.7
OBJ04934_PS3_K3A_NIA0324 0.468062162399 113.5 624.3 113.5 701.0 42.3 701.0 42.3 624.3
OBJ04934_PS3_K3A_NIA0324 0.363132476807 515.0 168.6 559.1 187.6 539.3 229.9 495.2 210.9
OBJ04934_PS3_K3A_NIA0324 0.351211220026 494.1 217.5 548.7 231.6 534.8 276.4 480.3 262.3
OBJ04934_PS3_K3A_NIA0324 0.335884243250 628.4 164.2 679.0 182.4 657.7 233.0 607.2 214.8
OBJ04934_PS3_K3A_NIA0324 0.266077369452 271.9 282.8 288.5 297.6 270.8 316.5 254.2 301.7
OBJ04430_PS3_K3A_NIA0290 0.304738491774 690.1 610.7 705.1 636.1 677.0 651.4 662.0 626.0
OBJ04430_PS3_K3A_NIA0290 0.304264217615 817.8 562.9 824.4 589.9 793.2 599.1 786.6 572.1
OBJ04430_PS3_K3A_NIA0290 0.285610228777 551.9 689.9 562.9 719.2 535.2 731.2 524.2 701.9
OBJ04430_PS3_K3A_NIA0290 0.262779682875 454.5 771.0 462.8 803.5 429.9 813.0 421.6 780.6
OBJ04430_PS3_K3A_NIA0290 0.249509498477 744.7 570.3 757.9 592.2 731.4 609.6 718.2 587.6
OBJ04090_PS3_K3A_NIA0174 0.613765239716 471.3 447.7 575.2 485.2 533.2 596.6 429.4 559.2
OBJ03511_PS3_K3A_NIA0146 0.614652872086 126.7 442.6 126.7 497.1 68.0 497.1 68.0 442.6
OBJ03511_PS3_K3A_NIA0146 0.491973966360 547.6 426.3 547.6 496.3 480.4 496.3 480.4 426.3
OBJ03511_PS3_K3A_NIA0146 0.443381220102 961.1 651.5 961.1 717.9 906.0 717.9 906.0 651.5
OBJ03511_PS3_K3A_NIA0146 0.383353829384 1017.9 660.8 1017.9 731.8 970.7 731.8 970.7 660.8
OBJ03511_PS3_K3A_NIA0146 0.253410637379 486.4 511.5 503.8 537.1 487.8 548.2 470.5 522.6
OBJ03698_PS3_K3A_NIA0155 0.418003767729 507.5 490.6 523.8 501.7 511.1 516.8 494.8 505.7
OBJ05492_PS3_K3A_NIA0166 0.817523062229 415.9 446.2 469.1 551.7 359.8 608.3 306.6 502.9
OBJ05492_PS3_K3A_NIA0166 0.804484009743 292.8 817.5 341.4 912.6 240.6 966.1 192.0 871.0
OBJ05492_PS3_K3A_NIA0166 0.802645206451 532.4 854.2 616.9 886.7 579.4 982.9 494.9 950.3
OBJ05492_PS3_K3A_NIA0166 0.791141211987 205.3 231.6 282.3 272.8 233.4 365.6 156.4 324.5
OBJ05492_PS3_K3A_NIA0166 0.781902611256 434.8 710.3 466.0 797.3 370.5 832.4 339.2 745.4
OBJ05492_PS3_K3A_NIA0166 0.780067443848 132.4 200.3 181.9 280.0 94.2 334.5 44.7 254.8
OBJ05492_PS3_K3A_NIA0166 0.723622620106 311.7 591.8 432.9 614.0 412.0 720.0 290.8 697.8
OBJ05492_PS3_K3A_NIA0166 0.718783080578 476.3 821.2 516.6 880.2 448.0 928.1 407.8 869.1
OBJ05492_PS3_K3A_NIA0166 0.666920244694 73.8 132.9 88.4 197.3 13.7 213.7 -1.0 149.3
OBJ05492_PS3_K3A_NIA0166 0.504063785076 61.1 -17.3 91.0 38.2 42.0 65.1 12.1 9.6
OBJ05492_PS3_K3A_NIA0166 0.314557492733 702.9 939.9 743.3 1012.4 650.9 1062.0 610.5 989.6
OBJ03737_PS3_K3A_NIA0156 0.264129370451 889.3 773.9 915.4 818.3 869.5 845.7 843.4 801.3
OBJ04038_PS3_K3A_NIA0170 0.235916346312 959.1 512.6 976.2 557.5 933.1 571.4 916.0 526.5
OBJ04871_PS3_K3A_NIA0318 0.568473458290 344.1 672.5 344.1 723.4 293.7 723.4 293.7 672.5
OBJ04871_PS3_K3A_NIA0318 0.406894654036 638.6 497.1 638.6 572.3 551.9 572.3 551.9 497.1
OBJ04871_PS3_K3A_NIA0318 0.363847166300 725.3 499.4 725.3 573.9 643.5 573.9 643.5 499.4
OBJ04871_PS3_K3A_NIA0318 0.217393293977 55.9 846.9 55.9 885.3 29.0 885.3 29.0 846.9
OBJ04871_PS3_K3A_NIA0318 0.198675990105 198.7 675.5 198.7 704.8 173.8 704.8 173.8 675.5
OBJ03837_PS3_K3A_NIA0161 0.309328407049 412.6 474.7 425.2 487.3 404.2 506.0 391.7 493.4
OBJ03837_PS3_K3A_NIA0161 0.274979144335 383.5 403.9 397.1 417.2 377.4 440.3 363.8 427.0
OBJ03837_PS3_K3A_NIA0161 0.196541562676 362.0 434.6 379.1 450.9 358.6 474.0 341.5 457.7
OBJ03837_PS3_K3A_NIA0161 0.189150542021 503.6 492.8 532.2 510.4 515.0 537.5 486.4 519.9
OBJ04669_PS3_K3A_NIA0312 0.181904450059 457.2 495.1 457.2 520.8 425.7 520.8 425.7 495.1
OBJ04092_PS3_K3A_NIA0174 0.392966032028 495.6 496.5 521.2 513.0 508.6 532.4 482.9 515.9
OBJ05297_PS3_K3A_NIA0343 0.709100365639 611.8 496.7 685.4 550.0 618.8 641.9 545.3 588.5
OBJ05297_PS3_K3A_NIA0343 0.693413197994 565.3 437.0 641.3 468.1 600.3 566.7 524.3 535.5
OBJ05297_PS3_K3A_NIA0343 0.641851842403 422.1 529.9 509.0 548.3 487.6 646.8 400.7 628.4
OBJ05297_PS3_K3A_NIA0343 0.624046444893 485.9 362.6 519.9 458.4 426.6 493.5 392.6 397.7
OBJ05297_PS3_K3A_NIA0343 0.591627955437 458.7 449.3 470.1 558.3 384.3 567.5 373.0 458.6
OBJ05297_PS3_K3A_NIA0343 0.584960639477 687.9 602.1 687.9 669.9 615.3 669.9 615.3 602.1
OBJ05297_PS3_K3A_NIA0343 0.548146784306 381.5 436.2 405.7 484.5 353.0 512.3 328.9 464.0
OBJ05297_PS3_K3A_NIA0343 0.515361011028 716.3 944.0 738.0 1022.7 663.2 1043.4 641.5 964.7
OBJ05297_PS3_K3A_NIA0343 0.463879376650 430.7 571.6 430.7 610.9 397.9 610.9 397.9 571.6
OBJ05297_PS3_K3A_NIA0343 0.432862162590 344.0 485.0 404.3 498.7 387.1 574.6 326.7 560.9
OBJ05297_PS3_K3A_NIA0343 0.212836012244 730.5 707.5 741.6 740.0 707.3 752.8 696.2 720.2
OBJ04027_PS3_K3A_NIA0169 0.535302221775 611.2 398.4 611.2 471.0 542.7 471.0 542.7 398.4
OBJ04027_PS3_K3A_NIA0169 0.522867619991 757.8 575.1 770.3 642.4 702.2 655.8 689.7 588.5
OBJ04027_PS3_K3A_NIA0169 0.419081389904 486.4 374.1 486.4 412.1 460.1 412.1 460.1 374.1
OBJ04027_PS3_K3A_NIA0169 0.368200212717 538.0 399.9 538.0 470.7 475.8 470.7 475.8 399.9
OBJ04027_PS3_K3A_NIA0169 0.257612019777 957.8 607.0 957.8 680.1 893.1 680.1 893.1 607.0
OBJ04027_PS3_K3A_NIA0169 0.218785196543 544.0 563.5 564.9 597.6 537.4 614.7 516.6 580.7
OBJ05342_PS3_K3A_NIA0345 0.857901334763 597.3 511.4 605.6 630.0 487.2 638.1 478.9 519.5
OBJ05342_PS3_K3A_NIA0345 0.834231674671 639.0 898.2 645.6 1013.5 539.2 1021.2 532.6 905.8
OBJ05342_PS3_K3A_NIA0345 0.832968473434 889.7 162.4 901.0 274.4 786.9 286.7 775.6 174.6
OBJ05342_PS3_K3A_NIA0345 0.750347733498 451.1 515.0 460.9 638.5 348.5 648.4 338.7 525.0
OBJ05342_PS3_K3A_NIA0345 0.737275779247 121.2 589.4 127.4 666.2 63.6 671.1 57.4 594.4
OBJ05342_PS3_K3A_NIA0345 0.705274820328 693.4 535.8 693.4 616.6 622.6 616.6 622.6 535.8
OBJ05342_PS3_K3A_NIA0345 0.657186985016 832.1 407.9 885.5 453.5 846.9 498.9 793.4 453.2
OBJ05342_PS3_K3A_NIA0345 0.639193177223 896.9 296.2 904.8 366.6 834.4 373.9 826.5 303.5
OBJ05342_PS3_K3A_NIA0345 0.635947525501 821.4 503.2 879.6 546.8 843.2 597.4 785.0 553.8
OBJ05342_PS3_K3A_NIA0345 0.597886621952 922.2 919.2 974.9 959.3 933.7 1014.5 881.0 974.4
OBJ05342_PS3_K3A_NIA0345 0.589430809021 857.8 43.0 866.0 106.3 792.0 116.6 783.8 53.3
OBJ05342_PS3_K3A_NIA0345 0.588053703308 471.1 946.4 471.1 1013.8 411.5 1013.8 411.5 946.4
OBJ05342_PS3_K3A_NIA0345 0.587029993534 831.2 907.7 879.4 946.3 833.9 1002.5 785.6 963.9
OBJ05342_PS3_K3A_NIA0345 0.578542768955 728.2 922.5 728.2 983.5 678.0 983.5 678.0 922.5
OBJ05342_PS3_K3A_NIA0345 0.441261827946 289.0 570.4 289.0 650.7 219.2 650.7 219.2 570.4
OBJ05342_PS3_K3A_NIA0345 0.180961877108 901.4 977.6 922.1 994.6 911.8 1008.5 891.1 991.5
OBJ03906_PS3_K3A_NIA0165 0.532739400864 541.6 541.6 591.8 549.2 581.3 607.3 531.0 599.7
OBJ03906_PS3_K3A_NIA0165 0.515017390251 105.7 184.3 124.4 198.4 114.2 211.6 95.5 197.5
OBJ03906_PS3_K3A_NIA0165 0.497412323952 133.8 202.0 152.2 219.6 138.5 234.1 120.1 216.5
OBJ03906_PS3_K3A_NIA0165 0.488347679377 209.9 316.6 230.8 335.9 216.0 350.1 195.0 330.8
OBJ03906_PS3_K3A_NIA0165 0.487805634737 9.3 103.2 24.5 115.9 14.0 129.7 -1.2 117.0
OBJ03906_PS3_K3A_NIA0165 0.474762231112 514.5 534.5 537.3 565.4 504.5 590.7 481.7 559.9
OBJ03906_PS3_K3A_NIA0165 0.469389587641 163.2 233.0 178.7 249.9 167.8 259.9 152.3 243.1
OBJ03906_PS3_K3A_NIA0165 0.469255268574 118.1 230.3 134.0 247.9 120.9 258.9 105.0 241.3
OBJ03906_PS3_K3A_NIA0165 0.461000561714 136.7 244.1 155.1 263.5 141.2 276.6 122.7 257.3
OBJ03906_PS3_K3A_NIA0165 0.457093745470 69.9 38.4 78.2 72.7 55.6 77.5 47.3 43.1
OBJ03906_PS3_K3A_NIA0165 0.446545779705 282.9 266.5 300.5 281.3 290.7 293.2 273.1 278.4
OBJ03906_PS3_K3A_NIA0165 0.406026244164 188.8 170.3 205.9 189.6 193.2 200.8 176.1 181.5
OBJ03906_PS3_K3A_NIA0165 0.404982835054 193.8 263.4 213.8 283.0 202.3 295.3 182.4 275.7
OBJ03906_PS3_K3A_NIA0165 0.404421120882 164.7 137.0 185.8 161.9 166.5 178.6 145.4 153.7
OBJ03906_PS3_K3A_NIA0165 0.400714933872 465.0 439.4 478.1 449.5 461.4 468.7 448.4 458.6
OBJ03906_PS3_K3A_NIA0165 0.375948429108 488.8 449.7 514.2 472.8 499.7 488.4 474.3 465.3
OBJ03906_PS3_K3A_NIA0165 0.325828164816 455.6 405.2 463.9 421.3 440.5 432.7 432.2 416.7
OBJ03906_PS3_K3A_NIA0165 0.311623960733 201.9 189.6 223.4 206.6 210.9 220.4 189.5 203.4
OBJ03906_PS3_K3A_NIA0165 0.306654959917 249.7 333.8 268.4 349.8 258.0 360.1 239.3 344.1
OBJ03906_PS3_K3A_NIA0165 0.281469076872 538.1 582.9 559.6 604.4 547.5 622.5 525.9 601.1
OBJ03906_PS3_K3A_NIA0165 0.209665924311 536.0 497.2 542.2 507.1 522.9 520.4 516.8 510.5
OBJ03906_PS3_K3A_NIA0165 0.197604477406 465.8 419.4 483.4 431.6 471.6 447.3 454.0 435.2
OBJ04937_PS3_K3A_NIA0324 0.271834164858 879.2 967.0 879.2 994.1 838.9 994.1 838.9 967.0
OBJ03472_PS3_K3A_NIA0142 0.477798014879 646.2 264.9 653.5 286.2 627.6 295.3 620.3 273.9
OBJ03472_PS3_K3A_NIA0142 0.471411019564 440.4 20.3 452.9 64.7 397.8 80.1 385.3 35.7
OBJ03472_PS3_K3A_NIA0142 0.319921761751 652.3 283.6 661.3 308.1 634.3 318.0 625.3 293.5
OBJ03472_PS3_K3A_NIA0142 0.258045196533 652.5 23.9 663.1 34.8 650.8 46.9 640.2 36.1
OBJ03472_PS3_K3A_NIA0142 0.235466495156 667.0 339.6 674.1 357.9 648.3 366.7 641.1 348.3
OBJ03472_PS3_K3A_NIA0142 0.230330720544 692.5 405.3 701.4 426.0 671.8 437.3 663.0 416.6
OBJ03472_PS3_K3A_NIA0142 0.226824730635 673.9 357.7 682.1 378.6 652.6 389.2 644.4 368.3
OBJ03472_PS3_K3A_NIA0142 0.201362714171 665.0 318.6 672.7 340.3 644.1 352.0 636.4 330.3
OBJ03472_PS3_K3A_NIA0142 0.182544171810 795.3 642.2 795.3 660.3 773.0 660.3 773.0 642.2
OBJ03518_PS3_K3A_NIA0146 0.486468493938 445.7 665.0 445.7 691.2 424.3 691.2 424.3 665.0
OBJ03518_PS3_K3A_NIA0146 0.407981783152 442.6 948.6 447.9 965.5 428.3 970.5 422.9 953.6
OBJ03518_PS3_K3A_NIA0146 0.360014498234 445.2 301.4 445.2 324.8 424.8 324.8 424.8 301.4
OBJ03518_PS3_K3A_NIA0146 0.308311760426 593.7 302.3 593.7 334.0 571.8 334.0 571.8 302.3
OBJ03518_PS3_K3A_NIA0146 0.268442451954 597.7 78.1 597.7 104.6 579.6 104.6 579.6 78.1
OBJ03518_PS3_K3A_NIA0146 0.266345202923 445.5 921.1 445.5 945.3 421.6 945.3 421.6 921.1
OBJ03518_PS3_K3A_NIA0146 0.261079698801 598.1 54.0 598.1 75.2 579.3 75.2 579.3 54.0
OBJ03518_PS3_K3A_NIA0146 0.239001810551 596.4 919.7 596.4 946.7 570.8 946.7 570.8 919.7
OBJ03518_PS3_K3A_NIA0146 0.223960116506 438.5 465.7 438.5 498.9 417.9 498.9 417.9 465.7
OBJ03518_PS3_K3A_NIA0146 0.221580803394 601.7 950.7 601.7 969.7 575.9 969.7 575.9 950.7
OBJ03518_PS3_K3A_NIA0146 0.203199759126 441.7 54.8 441.7 74.9 426.7 74.9 426.7 54.8
OBJ03518_PS3_K3A_NIA0146 0.200643315911 600.4 671.0 600.4 692.5 579.7 692.5 579.7 671.0
OBJ03518_PS3_K3A_NIA0146 0.192866250873 533.1 789.9 533.1 817.7 512.1 817.7 512.1 789.9
OBJ04450_PS3_K3A_NIA0292 0.745109498501 177.3 443.5 177.3 575.6 32.8 575.6 32.8 443.5
OBJ04450_PS3_K3A_NIA0292 0.722227931023 308.5 263.0 363.0 322.1 292.6 387.4 238.1 328.3
OBJ03702_PS3_K3A_NIA0155 0.438248932362 670.2 244.1 683.3 256.8 669.3 271.0 656.1 258.2
