OBJ04430_PS3_K3A_NIA0290 0.221118882298 760.1 688.6 774.3 715.6 741.7 731.5 727.4 704.5
OBJ05492_PS3_K3A_NIA0166 0.284356325865 665.3 74.4 665.3 119.7 624.4 119.7 624.4 74.4
OBJ05492_PS3_K3A_NIA0166 0.269833326340 132.2 591.3 138.6 600.5 115.7 614.0 109.2 604.8
OBJ05260_PS3_K3A_NIA0342 0.279840677977 478.2 431.7 478.2 466.7 443.5 466.7 443.5 431.7
OBJ05260_PS3_K3A_NIA0342 0.225420519710 585.5 487.0 585.5 531.6 540.9 531.6 540.9 487.0
OBJ05260_PS3_K3A_NIA0342 0.214822784066 572.3 439.8 572.3 482.8 528.5 482.8 528.5 439.8
OBJ05624_PS3_K3A_NIA0358 0.367949664593 875.8 443.5 906.0 465.7 883.0 496.0 852.8 473.8
OBJ04669_PS3_K3A_NIA0312 0.295413762331 52.6 212.2 52.6 255.6 7.8 255.6 7.8 212.2
OBJ05625_PS3_K3A_NIA0358 0.198489204049 879.1 124.8 906.5 149.9 878.6 179.7 851.1 154.5
OBJ05731_PS3_K3A_NIA0363 0.200152277946 277.7 24.8 277.7 78.5 227.3 78.5 227.3 24.8
OBJ04092_PS3_K3A_NIA0174 0.453848540783 919.4 272.7 940.2 291.2 918.2 315.1 897.4 296.6
OBJ05342_PS3_K3A_NIA0345 0.190611913800 393.5 390.8 393.5 409.6 370.3 409.6 370.3 390.8
OBJ03906_PS3_K3A_NIA0165 0.474168628454 173.9 470.3 185.6 496.6 160.9 508.8 149.2 482.5
OBJ03801_PS3_K3A_NIA0159 0.228333070874 842.3 987.2 842.3 1012.2 810.6 1012.2 810.6 987.2
OBJ03518_PS3_K3A_NIA0146 0.214582219720 601.7 950.7 601.7 969.7 575.9 969.7 575.9 950.7
OBJ03518_PS3_K3A_NIA0146 0.214489504695 442.4 474.5 442.4 501.2 424.4 501.2 424.4 474.5
OBJ03518_PS3_K3A_NIA0146 0.180135995150 597.5 922.1 597.5 954.9 570.2 954.9 570.2 922.1
OBJ05029_PS3_K3A_NIA0329 0.254220545292 577.2 22.9 590.0 41.8 573.5 51.1 560.7 32.3
OBJ05029_PS3_K3A_NIA0329 0.236598357558 503.3 707.2 503.3 739.1 472.7 739.1 472.7 707.2
