OBJ01735_PS3_K3_NIA0104 0.208268612623 918.7 322.7 941.6 338.3 936.7 345.1 913.8 329.6
OBJ05254_PS3_K3A_NIA0341 0.310023605824 210.4 273.1 212.4 281.7 186.8 288.0 184.9 279.4
OBJ05254_PS3_K3A_NIA0341 0.253410279751 364.7 690.3 371.5 691.7 365.8 717.4 359.0 716.0
OBJ05254_PS3_K3A_NIA0341 0.244526967406 118.2 860.7 118.2 882.4 105.4 882.4 105.4 860.7
OBJ05254_PS3_K3A_NIA0341 0.230269417167 588.5 445.9 598.1 475.8 590.1 478.3 580.5 448.4
OBJ05254_PS3_K3A_NIA0341 0.197419121861 192.1 472.1 221.2 481.5 219.5 488.6 190.4 479.2
OBJ03791_PS3_K3A_NIA0158 0.378430575132 397.3 17.3 400.3 24.9 376.4 33.2 373.3 25.7
OBJ03791_PS3_K3A_NIA0158 0.302262276411 42.7 397.3 49.1 399.5 42.0 420.9 35.6 418.7
OBJ03791_PS3_K3A_NIA0158 0.243523836136 604.3 23.5 608.2 31.5 576.6 45.6 572.7 37.6
OBJ03791_PS3_K3A_NIA0158 0.206603497267 387.8 137.6 392.4 145.2 374.3 155.3 369.8 147.7
OBJ03791_PS3_K3A_NIA0158 0.194156125188 164.0 367.4 172.9 369.1 164.4 393.9 155.5 392.2
OBJ03791_PS3_K3A_NIA0158 0.181899279356 298.3 96.0 306.5 122.0 300.5 124.3 292.3 98.3
OBJ03791_PS3_K3A_NIA0158 0.180022478104 803.1 671.0 809.6 676.2 795.3 697.0 788.8 691.8
OBJ04934_PS3_K3A_NIA0324 0.275389283895 696.8 210.2 706.7 213.3 697.9 241.7 688.0 238.6
OBJ04934_PS3_K3A_NIA0324 0.245621383190 120.8 677.8 120.8 706.6 110.8 706.6 110.8 677.8
OBJ05704_PS3_K3A_NIA0362 0.417274832726 437.9 713.4 442.1 720.1 419.8 725.7 415.6 719.0
OBJ05704_PS3_K3A_NIA0362 0.349796891212 136.4 741.4 136.4 751.3 113.7 751.3 113.7 741.4
OBJ05704_PS3_K3A_NIA0362 0.338643729687 399.9 662.4 401.8 670.8 377.1 675.5 375.1 667.0
OBJ05704_PS3_K3A_NIA0362 0.201685339212 434.7 493.7 434.7 523.4 423.5 523.4 423.5 493.7
OBJ04430_PS3_K3A_NIA0290 0.338168740273 751.2 14.9 751.2 29.9 724.3 29.9 724.3 14.9
OBJ04430_PS3_K3A_NIA0290 0.316440850496 18.9 216.1 42.7 228.9 39.4 235.2 15.6 222.4
OBJ02587_PS3_K3_NIA0124 0.284885495901 460.2 698.5 479.1 719.6 471.8 726.3 452.9 705.2
OBJ02587_PS3_K3_NIA0124 0.208261445165 720.6 334.6 723.3 338.7 702.8 356.3 700.1 352.3
OBJ03726_PS3_K3A_NIA0156 0.331952542067 498.9 416.6 515.3 437.8 508.8 443.1 492.4 421.9
OBJ03726_PS3_K3A_NIA0156 0.213735610247 619.9 211.4 619.9 222.7 598.1 222.7 598.1 211.4
OBJ03726_PS3_K3A_NIA0156 0.210667461157 693.7 244.1 693.7 274.6 683.7 274.6 683.7 244.1
OBJ03726_PS3_K3A_NIA0156 0.206409454346 918.8 245.1 918.8 257.6 892.4 257.6 892.4 245.1
OBJ03726_PS3_K3A_NIA0156 0.204301238060 366.7 349.6 386.2 365.1 382.8 372.3 363.3 356.8
OBJ04571_PS3_K3A_NIA0301 0.296310842037 737.0 204.8 755.3 216.4 752.3 221.4 734.0 209.8
OBJ04571_PS3_K3A_NIA0301 0.287224173546 630.2 708.3 645.2 723.2 640.3 728.4 625.3 713.5
OBJ04571_PS3_K3A_NIA0301 0.284844666719 41.6 198.1 43.4 205.3 18.3 211.8 16.5 204.6
OBJ04571_PS3_K3A_NIA0301 0.270524919033 716.2 244.7 734.7 254.4 731.6 260.7 713.2 250.9
OBJ04571_PS3_K3A_NIA0301 0.236504331231 62.2 178.6 73.7 203.3 66.3 206.3 54.8 181.7
OBJ04571_PS3_K3A_NIA0301 0.230394795537 59.9 271.2 63.4 279.0 40.5 287.6 36.9 279.9
OBJ04571_PS3_K3A_NIA0301 0.225311338902 776.7 139.8 796.2 151.1 792.3 159.3 772.7 148.1
OBJ04571_PS3_K3A_NIA0301 0.218321114779 722.6 232.1 739.4 240.9 737.3 246.3 720.5 237.5
OBJ04571_PS3_K3A_NIA0301 0.207617148757 486.7 161.0 508.0 175.1 503.5 182.3 482.3 168.1
OBJ04571_PS3_K3A_NIA0301 0.192302197218 854.1 449.3 877.7 456.6 876.3 461.9 852.7 454.7
OBJ04571_PS3_K3A_NIA0301 0.185837611556 994.1 311.7 1011.9 320.9 1007.0 328.8 989.1 319.7
OBJ03511_PS3_K3A_NIA0146 0.210775867105 1010.0 852.7 1010.0 880.4 1001.7 880.4 1001.7 852.7
OBJ05035_PS3_K3A_NIA0329 0.219271451235 581.5 361.3 599.8 382.2 593.3 387.8 575.0 366.9
OBJ03991_PS3_K3A_NIA0166 0.481033027172 104.9 482.6 111.0 506.4 102.2 509.2 96.2 485.4
OBJ03991_PS3_K3A_NIA0166 0.420288980007 877.3 543.8 877.3 570.6 866.0 570.6 866.0 543.8
OBJ03991_PS3_K3A_NIA0166 0.374768495560 747.9 524.1 747.9 550.8 737.2 550.8 737.2 524.1
OBJ03991_PS3_K3A_NIA0166 0.354043513536 879.9 677.2 879.9 704.2 870.2 704.2 870.2 677.2
OBJ03991_PS3_K3A_NIA0166 0.352218776941 82.0 420.4 91.3 443.8 84.2 446.9 74.9 423.5
OBJ03991_PS3_K3A_NIA0166 0.340076357126 903.7 849.3 903.7 881.9 894.3 881.9 894.3 849.3
OBJ03991_PS3_K3A_NIA0166 0.329947501421 672.2 568.4 679.3 571.9 667.1 596.0 660.0 592.5
OBJ03991_PS3_K3A_NIA0166 0.323192954063 69.5 329.1 69.5 353.0 55.2 353.0 55.2 329.1
OBJ03991_PS3_K3A_NIA0166 0.273989766836 485.7 700.0 485.7 712.1 465.1 712.1 465.1 700.0
OBJ03991_PS3_K3A_NIA0166 0.273678839207 338.3 748.3 342.0 755.5 316.4 765.7 312.6 758.5
OBJ03991_PS3_K3A_NIA0166 0.269685059786 35.5 262.1 35.5 284.6 25.0 284.6 25.0 262.1
OBJ03991_PS3_K3A_NIA0166 0.264895558357 850.2 197.2 850.2 226.2 839.7 226.2 839.7 197.2
OBJ03991_PS3_K3A_NIA0166 0.255680024624 76.8 14.2 76.8 41.9 66.6 41.9 66.6 14.2
OBJ03991_PS3_K3A_NIA0166 0.254756301641 844.6 582.0 844.6 611.4 835.5 611.4 835.5 582.0
OBJ03991_PS3_K3A_NIA0166 0.233064457774 455.0 917.0 463.8 947.0 458.3 949.0 449.5 919.1
OBJ03991_PS3_K3A_NIA0166 0.231407061219 862.6 197.7 862.6 226.9 853.4 226.9 853.4 197.7
OBJ03991_PS3_K3A_NIA0166 0.229901209474 108.5 440.9 118.0 465.7 111.6 468.7 102.1 443.9
OBJ03991_PS3_K3A_NIA0166 0.229317992926 817.6 287.8 817.6 313.2 807.7 313.2 807.7 287.8
OBJ03991_PS3_K3A_NIA0166 0.221689954400 906.0 691.6 906.0 713.7 896.5 713.7 896.5 691.6
OBJ03991_PS3_K3A_NIA0166 0.218883365393 750.5 819.1 750.5 843.0 738.5 843.0 738.5 819.1
OBJ03991_PS3_K3A_NIA0166 0.212299108505 816.0 311.7 816.0 341.4 805.0 341.4 805.0 311.7
OBJ03991_PS3_K3A_NIA0166 0.211870640516 878.7 979.3 878.7 1006.5 868.7 1006.5 868.7 979.3
OBJ03991_PS3_K3A_NIA0166 0.207308158278 83.5 378.1 93.5 405.1 86.4 409.4 76.4 382.3
OBJ03991_PS3_K3A_NIA0166 0.205677032471 906.0 771.2 906.0 798.0 894.8 798.0 894.8 771.2
OBJ03991_PS3_K3A_NIA0166 0.204534739256 437.6 715.5 441.3 722.7 416.7 731.5 413.0 724.3
OBJ03991_PS3_K3A_NIA0166 0.195669427514 748.8 936.1 748.8 959.0 738.5 959.0 738.5 936.1
OBJ03991_PS3_K3A_NIA0166 0.195403128862 891.9 928.5 891.9 949.3 881.0 949.3 881.0 928.5
OBJ03991_PS3_K3A_NIA0166 0.195227041841 651.0 708.9 659.6 736.1 650.6 739.3 642.0 712.1
OBJ03991_PS3_K3A_NIA0166 0.191808640957 103.2 521.5 110.6 544.9 102.3 547.5 94.9 524.2
OBJ03991_PS3_K3A_NIA0166 0.182967752218 122.7 515.6 132.6 539.6 126.9 542.1 117.0 518.1
OBJ03991_PS3_K3A_NIA0166 0.180715247989 158.5 658.7 166.1 681.9 158.7 685.1 151.2 662.0
OBJ05644_PS3_K3A_NIA0359 0.376277327538 657.9 864.1 657.9 896.8 645.1 896.8 645.1 864.1
OBJ05644_PS3_K3A_NIA0359 0.187215238810 667.3 964.7 667.3 996.9 658.7 996.9 658.7 964.7
OBJ03698_PS3_K3A_NIA0155 0.350568711758 905.3 590.6 911.4 595.8 892.3 616.1 886.2 610.9
OBJ03698_PS3_K3A_NIA0155 0.285766839981 891.0 576.0 897.8 580.5 880.2 604.5 873.3 600.1
OBJ03698_PS3_K3A_NIA0155 0.271081864834 865.4 646.1 870.1 650.6 853.7 667.7 849.0 663.2
OBJ03698_PS3_K3A_NIA0155 0.271020859480 719.7 668.2 723.3 673.4 703.3 688.9 699.6 683.7
OBJ03698_PS3_K3A_NIA0155 0.265234321356 857.7 22.2 875.1 29.3 872.2 37.0 854.7 29.9
OBJ03698_PS3_K3A_NIA0155 0.253548055887 662.9 913.0 669.8 919.2 648.9 940.5 642.0 934.3
OBJ03698_PS3_K3A_NIA0155 0.247696012259 890.5 789.4 913.9 799.5 911.3 807.5 887.8 797.4
OBJ03698_PS3_K3A_NIA0155 0.220425039530 413.2 607.6 418.9 613.4 399.7 633.8 394.0 628.0
OBJ03698_PS3_K3A_NIA0155 0.219512760639 870.6 584.2 876.1 589.1 859.7 608.2 854.3 603.3
OBJ03698_PS3_K3A_NIA0155 0.217274755239 819.5 380.7 837.6 398.0 832.0 404.8 813.9 387.6
OBJ03698_PS3_K3A_NIA0155 0.208078369498 913.7 838.5 921.1 846.4 902.7 865.2 895.3 857.2
OBJ03698_PS3_K3A_NIA0155 0.205745428801 252.6 925.7 258.6 931.6 238.3 953.8 232.3 947.9
OBJ03698_PS3_K3A_NIA0155 0.198413208127 784.5 968.4 789.1 974.1 772.1 992.9 767.4 987.3
OBJ03698_PS3_K3A_NIA0155 0.183960616589 945.1 733.2 950.9 739.1 934.6 756.5 928.7 750.7
OBJ03698_PS3_K3A_NIA0155 0.181515425444 781.8 914.7 789.1 921.2 774.5 940.6 767.2 934.1
OBJ05492_PS3_K3A_NIA0166 0.430965811014 884.0 596.3 895.9 617.9 889.9 620.9 878.1 599.3
OBJ05492_PS3_K3A_NIA0166 0.412243038416 498.0 506.0 507.9 524.1 501.3 527.5 491.4 509.3
OBJ05492_PS3_K3A_NIA0166 0.396346926689 870.9 604.4 882.9 626.6 876.1 629.2 864.2 607.0
OBJ05492_PS3_K3A_NIA0166 0.390084803104 781.3 592.0 791.0 609.3 784.6 613.2 774.9 595.9
OBJ05492_PS3_K3A_NIA0166 0.335979282856 904.8 583.9 917.1 602.5 910.6 607.0 898.3 588.4
OBJ05492_PS3_K3A_NIA0166 0.326812386513 857.4 611.4 869.1 632.8 862.9 635.6 851.2 614.2
OBJ05492_PS3_K3A_NIA0166 0.321413010359 779.7 571.1 794.8 589.5 788.6 594.4 773.5 576.0
OBJ05492_PS3_K3A_NIA0166 0.315466076136 594.1 123.6 594.1 136.7 567.2 136.7 567.2 123.6
OBJ05492_PS3_K3A_NIA0166 0.303600460291 561.8 111.0 589.4 116.4 589.3 124.6 561.7 119.2
OBJ05492_PS3_K3A_NIA0166 0.295243054628 485.1 124.7 494.3 144.4 488.4 147.7 479.2 127.9
OBJ05492_PS3_K3A_NIA0166 0.285681307316 652.0 125.5 664.7 147.0 659.1 150.9 646.4 129.4
OBJ05492_PS3_K3A_NIA0166 0.276650965214 600.4 108.9 631.2 117.9 630.6 126.8 599.9 117.9
OBJ05492_PS3_K3A_NIA0166 0.272162139416 984.3 129.3 994.0 145.4 987.8 149.8 978.2 133.7
OBJ05492_PS3_K3A_NIA0166 0.228844389319 714.3 456.0 727.7 476.6 721.9 480.3 708.5 459.8
OBJ05492_PS3_K3A_NIA0166 0.225184038281 364.8 458.4 368.3 464.1 351.4 475.8 347.8 470.0
OBJ05492_PS3_K3A_NIA0166 0.224432736635 984.1 414.6 987.9 423.0 962.7 436.5 959.0 428.1
OBJ05492_PS3_K3A_NIA0166 0.198031082749 902.0 860.1 917.9 882.6 911.0 887.5 895.1 864.9
OBJ04103_PS3_K3A_NIA0174 0.204638108611 919.3 944.8 923.9 950.1 906.2 964.6 901.5 959.3
OBJ04103_PS3_K3A_NIA0174 0.188077330589 581.9 970.2 591.3 975.2 582.1 991.4 572.7 986.4
OBJ03870_PS3_K3A_NIA0163 0.260498702526 176.8 609.8 176.8 637.8 164.0 637.8 164.0 609.8
OBJ03870_PS3_K3A_NIA0163 0.236535161734 958.5 909.4 962.1 917.5 934.6 930.3 931.0 922.2
OBJ05358_PS3_K3A_NIA0346 0.246037811041 241.1 312.1 241.1 339.9 232.6 339.9 232.6 312.1
OBJ05358_PS3_K3A_NIA0346 0.192481726408 964.8 595.9 973.0 597.8 966.4 621.0 958.1 619.1
OBJ04819_PS3_K3A_NIA0316 0.194686025381 558.4 200.0 586.4 218.6 582.0 225.3 554.0 206.7
OBJ03737_PS3_K3A_NIA0156 0.538239777088 669.8 954.8 674.7 961.2 656.3 975.7 651.4 969.3
OBJ03737_PS3_K3A_NIA0156 0.529645025730 716.6 909.3 721.3 915.1 702.1 929.0 697.4 923.3
OBJ03737_PS3_K3A_NIA0156 0.458801537752 753.6 884.4 758.1 891.6 738.4 903.5 733.8 896.3
OBJ03737_PS3_K3A_NIA0156 0.439672291279 783.8 868.5 787.1 874.6 767.3 886.4 764.1 880.2
OBJ03737_PS3_K3A_NIA0156 0.414863020182 846.4 829.9 850.4 835.6 828.0 849.1 824.1 843.4
OBJ03737_PS3_K3A_NIA0156 0.407334715128 821.5 845.5 824.5 852.2 800.9 864.1 797.8 857.4
OBJ03737_PS3_K3A_NIA0156 0.290415048599 347.7 938.2 347.7 953.4 320.8 953.4 320.8 938.2
OBJ03737_PS3_K3A_NIA0156 0.287954062223 875.5 814.6 880.6 822.3 860.2 833.0 855.1 825.3
OBJ03737_PS3_K3A_NIA0156 0.245272621512 941.8 787.4 947.6 790.4 938.6 810.1 932.8 807.1
OBJ03737_PS3_K3A_NIA0156 0.243201017380 646.2 890.3 672.0 898.3 669.3 907.1 643.6 899.1
OBJ03737_PS3_K3A_NIA0156 0.240358069539 690.8 928.8 696.0 935.5 678.3 950.6 673.1 943.9
OBJ03737_PS3_K3A_NIA0156 0.220152541995 960.4 674.1 960.4 695.9 945.9 695.9 945.9 674.1
OBJ03737_PS3_K3A_NIA0156 0.185092642903 740.9 965.4 745.8 971.2 724.6 991.8 719.7 986.1
OBJ03933_PS3_K3A_NIA0166 0.407069951296 968.4 476.0 977.1 498.6 969.3 501.0 960.5 478.4
OBJ03933_PS3_K3A_NIA0166 0.349544197321 501.2 36.4 517.5 46.6 515.1 52.5 498.9 42.3
OBJ03933_PS3_K3A_NIA0166 0.339336097240 733.0 334.1 733.0 342.1 703.0 342.1 703.0 334.1
OBJ03933_PS3_K3A_NIA0166 0.319161444902 772.9 58.9 772.9 69.3 742.4 69.3 742.4 58.9
OBJ03933_PS3_K3A_NIA0166 0.313972115517 896.6 458.7 896.6 488.2 886.6 488.2 886.6 458.7
OBJ03933_PS3_K3A_NIA0166 0.292303532362 663.4 622.6 663.4 649.8 653.6 649.8 653.6 622.6
OBJ03933_PS3_K3A_NIA0166 0.291318595409 514.2 370.9 514.2 379.7 489.5 379.7 489.5 370.9
OBJ03933_PS3_K3A_NIA0166 0.291237950325 732.5 301.8 732.5 310.6 703.3 310.6 703.3 301.8
OBJ03933_PS3_K3A_NIA0166 0.276740610600 654.7 526.0 654.7 556.4 645.9 556.4 645.9 526.0
OBJ03933_PS3_K3A_NIA0166 0.272045016289 94.6 196.2 114.9 212.1 114.0 217.3 93.6 201.4
OBJ03933_PS3_K3A_NIA0166 0.260043710470 683.4 108.1 689.1 113.5 669.8 127.4 664.1 121.9
OBJ03933_PS3_K3A_NIA0166 0.251371860504 726.8 287.8 726.8 294.7 697.7 294.7 697.7 287.8
OBJ03933_PS3_K3A_NIA0166 0.237710610032 338.4 267.9 338.4 295.5 331.2 295.5 331.2 267.9
OBJ03933_PS3_K3A_NIA0166 0.233615517616 697.3 91.3 697.3 104.0 669.7 104.0 669.7 91.3
OBJ03933_PS3_K3A_NIA0166 0.233477354050 303.5 356.3 317.2 376.8 311.1 381.0 297.3 360.5
OBJ03933_PS3_K3A_NIA0166 0.231037035584 620.0 953.5 620.0 977.5 612.1 977.5 612.1 953.5
OBJ03933_PS3_K3A_NIA0166 0.229209795594 595.7 162.4 602.5 192.1 595.6 193.4 588.8 163.8
OBJ03933_PS3_K3A_NIA0166 0.224929377437 686.0 209.5 686.0 217.9 657.5 217.9 657.5 209.5
OBJ03933_PS3_K3A_NIA0166 0.216360881925 542.8 685.1 542.8 691.7 514.1 691.7 514.1 685.1
OBJ03933_PS3_K3A_NIA0166 0.212454333901 617.5 187.4 635.1 203.5 629.6 208.6 612.1 192.5
OBJ03933_PS3_K3A_NIA0166 0.208737760782 959.2 505.1 959.2 512.1 934.4 512.1 934.4 505.1
OBJ03933_PS3_K3A_NIA0166 0.206645324826 540.2 390.6 540.2 397.4 516.9 397.4 516.9 390.6
OBJ03933_PS3_K3A_NIA0166 0.204940631986 550.2 83.6 564.9 95.7 560.2 99.3 545.4 87.3
OBJ03933_PS3_K3A_NIA0166 0.201865464449 350.4 241.1 350.4 267.6 341.5 267.6 341.5 241.1
OBJ03933_PS3_K3A_NIA0166 0.198607832193 24.0 180.4 24.0 202.1 8.3 202.1 8.3 180.4
OBJ03933_PS3_K3A_NIA0166 0.195870593190 696.3 267.7 696.3 278.0 667.8 278.0 667.8 267.7
OBJ03933_PS3_K3A_NIA0166 0.189497828484 661.3 784.4 661.3 811.8 652.0 811.8 652.0 784.4
OBJ03933_PS3_K3A_NIA0166 0.181053891778 396.1 117.5 396.1 147.0 388.0 147.0 388.0 117.5
OBJ03933_PS3_K3A_NIA0166 0.180675894022 675.2 57.9 675.2 69.8 650.2 69.8 650.2 57.9
OBJ05272_PS3_K3A_NIA0342 0.577211678028 541.1 463.9 561.0 479.8 556.0 485.8 536.0 469.9
OBJ05272_PS3_K3A_NIA0342 0.574756979942 447.3 593.4 451.8 598.8 436.8 614.8 432.3 609.5
OBJ05272_PS3_K3A_NIA0342 0.569860041142 540.6 510.5 560.8 525.6 556.3 531.5 536.1 516.5
OBJ05272_PS3_K3A_NIA0342 0.556309878826 447.6 512.8 464.9 528.2 460.9 533.7 443.6 518.3
OBJ05272_PS3_K3A_NIA0342 0.548462092876 542.4 450.8 560.5 466.4 555.2 473.1 537.1 457.5
OBJ05272_PS3_K3A_NIA0342 0.539774119854 540.4 564.3 561.3 583.6 555.9 590.8 534.9 571.5
OBJ05272_PS3_K3A_NIA0342 0.538942158222 469.0 630.2 483.3 648.8 478.8 652.2 464.5 633.6
OBJ05272_PS3_K3A_NIA0342 0.533475697041 489.1 511.5 507.8 527.9 502.6 533.3 484.0 516.9
OBJ05272_PS3_K3A_NIA0342 0.524817466736 541.9 544.4 561.1 562.9 555.1 570.0 535.9 551.5
OBJ05272_PS3_K3A_NIA0342 0.518998920918 537.0 429.4 541.1 434.0 521.1 450.9 517.0 446.2
OBJ05272_PS3_K3A_NIA0342 0.517963171005 583.9 485.4 588.0 490.2 567.7 506.4 563.6 501.5
OBJ05272_PS3_K3A_NIA0342 0.516004860401 488.2 429.8 507.2 447.0 502.4 451.9 483.4 434.6
OBJ05272_PS3_K3A_NIA0342 0.496173679829 545.0 593.3 548.8 598.6 529.4 613.1 525.6 607.8
OBJ05272_PS3_K3A_NIA0342 0.491867661476 475.4 451.6 493.2 466.8 488.7 471.8 470.9 456.5
OBJ05272_PS3_K3A_NIA0342 0.491191506386 447.5 477.5 466.7 492.4 461.2 499.1 442.0 484.2
OBJ05272_PS3_K3A_NIA0342 0.473562270403 585.1 424.6 589.2 429.2 570.7 446.7 566.6 442.0
OBJ05272_PS3_K3A_NIA0342 0.471533000469 528.7 516.6 534.4 522.0 517.0 541.1 511.2 535.6
OBJ05272_PS3_K3A_NIA0342 0.470229595900 541.4 626.5 561.1 643.2 555.9 648.4 536.1 631.7
OBJ05272_PS3_K3A_NIA0342 0.469477355480 445.1 505.3 452.6 511.6 435.7 526.9 428.2 520.6
OBJ05272_PS3_K3A_NIA0342 0.467327535152 443.3 525.4 452.2 532.8 439.1 545.0 430.1 537.5
OBJ05272_PS3_K3A_NIA0342 0.457466542721 447.1 429.7 453.2 435.8 434.6 454.0 428.5 447.9
OBJ05272_PS3_K3A_NIA0342 0.454835623503 544.7 438.5 558.2 450.6 552.4 458.5 538.9 446.5
OBJ05272_PS3_K3A_NIA0342 0.453631013632 445.8 551.5 453.0 558.4 436.7 573.5 429.4 566.6
OBJ05272_PS3_K3A_NIA0342 0.452929705381 542.8 485.9 559.8 499.7 554.6 505.5 537.6 491.7
OBJ05272_PS3_K3A_NIA0342 0.446346580982 543.1 530.1 562.0 547.0 556.6 552.9 537.7 536.0
OBJ05272_PS3_K3A_NIA0342 0.436528891325 497.1 631.8 510.9 647.1 506.2 651.6 492.4 636.2
OBJ05272_PS3_K3A_NIA0342 0.425411731005 446.7 458.1 452.1 464.0 435.8 478.7 430.4 472.8
OBJ05272_PS3_K3A_NIA0342 0.421177774668 442.8 572.9 449.6 579.9 435.9 593.2 429.0 586.1
OBJ05272_PS3_K3A_NIA0342 0.412959516048 456.1 632.1 469.0 648.1 464.8 652.3 451.9 636.3
OBJ05272_PS3_K3A_NIA0342 0.409894883633 442.4 632.4 458.3 649.5 453.9 653.3 438.1 636.1
OBJ05272_PS3_K3A_NIA0342 0.407775193453 575.8 631.7 593.9 648.4 589.1 653.3 571.0 636.6
OBJ05272_PS3_K3A_NIA0342 0.401718884706 588.1 464.4 592.8 468.5 573.6 487.2 568.9 483.0
OBJ05272_PS3_K3A_NIA0342 0.397663503885 585.1 451.6 588.9 455.7 568.4 472.8 564.6 468.7
OBJ05272_PS3_K3A_NIA0342 0.391731083393 481.7 478.1 499.0 491.9 494.9 497.7 477.6 483.9
OBJ05272_PS3_K3A_NIA0342 0.381987243891 533.8 463.2 541.3 468.9 524.6 486.1 517.1 480.5
OBJ05272_PS3_K3A_NIA0342 0.378193885088 581.8 586.8 586.7 591.4 569.7 606.7 564.8 602.1
OBJ05272_PS3_K3A_NIA0342 0.365005373955 576.0 572.8 593.8 585.3 588.0 592.0 570.2 579.5
OBJ05272_PS3_K3A_NIA0342 0.360966265202 537.2 538.1 542.5 543.6 521.7 559.7 516.4 554.2
OBJ05272_PS3_K3A_NIA0342 0.346468448639 574.1 559.9 589.6 569.9 579.5 579.9 564.0 569.9
OBJ05272_PS3_K3A_NIA0342 0.345541238785 490.5 559.2 497.8 566.1 484.4 580.3 477.1 573.3
OBJ05272_PS3_K3A_NIA0342 0.343957304955 514.5 632.0 532.4 649.9 528.2 654.4 510.3 636.5
OBJ05272_PS3_K3A_NIA0342 0.338766217232 613.4 518.8 619.0 524.5 604.6 538.9 599.1 533.3
OBJ05272_PS3_K3A_NIA0342 0.329809635878 588.2 628.4 603.6 644.5 600.2 649.5 584.8 633.4
OBJ05272_PS3_K3A_NIA0342 0.328331768513 451.0 432.2 464.6 445.4 458.0 452.1 444.5 439.0
OBJ05272_PS3_K3A_NIA0342 0.328162133694 451.0 459.8 464.0 471.0 457.1 478.2 444.2 467.0
OBJ05272_PS3_K3A_NIA0342 0.325422942638 613.0 501.1 617.7 506.6 604.0 518.1 599.3 512.6
OBJ05272_PS3_K3A_NIA0342 0.317493289709 613.4 458.9 618.4 466.7 604.6 479.9 599.5 472.1
OBJ05272_PS3_K3A_NIA0342 0.299593448639 595.6 511.6 600.6 516.8 582.2 532.1 577.2 526.9
OBJ05272_PS3_K3A_NIA0342 0.299512863159 489.6 531.9 505.3 548.9 501.2 554.3 485.4 537.3
OBJ05272_PS3_K3A_NIA0342 0.220390424132 496.5 586.6 505.1 593.2 494.3 605.8 485.8 599.2
OBJ05272_PS3_K3A_NIA0342 0.216263443232 609.6 485.8 614.0 490.7 594.7 505.5 590.4 500.6
OBJ05272_PS3_K3A_NIA0342 0.210000038147 470.0 497.3 485.0 512.0 480.3 518.6 465.4 504.0
OBJ05272_PS3_K3A_NIA0342 0.185022220016 614.4 554.2 617.8 560.8 603.6 573.4 600.3 566.8
OBJ05595_PS3_K3A_NIA0357 0.375365316868 184.5 259.6 184.5 268.6 159.3 268.6 159.3 259.6
OBJ05595_PS3_K3A_NIA0357 0.345277309418 115.6 648.4 115.6 675.9 106.9 675.9 106.9 648.4
OBJ05595_PS3_K3A_NIA0357 0.316890478134 144.4 656.6 144.4 683.0 134.7 683.0 134.7 656.6
OBJ05595_PS3_K3A_NIA0357 0.300471812487 144.3 698.3 144.3 726.2 135.2 726.2 135.2 698.3
OBJ05595_PS3_K3A_NIA0357 0.299324512482 142.5 620.6 142.5 649.9 132.9 649.9 132.9 620.6
OBJ05595_PS3_K3A_NIA0357 0.293219685555 148.6 918.7 148.6 944.1 140.3 944.1 140.3 918.7
OBJ05595_PS3_K3A_NIA0357 0.265877157450 144.5 763.7 144.5 792.1 135.8 792.1 135.8 763.7
OBJ05595_PS3_K3A_NIA0357 0.252984523773 142.0 562.9 142.0 591.9 132.7 591.9 132.7 562.9
OBJ05595_PS3_K3A_NIA0357 0.246166273952 137.4 433.8 137.4 459.1 128.2 459.1 128.2 433.8
OBJ05595_PS3_K3A_NIA0357 0.236844778061 136.7 399.8 136.7 428.4 127.6 428.4 127.6 399.8
OBJ05595_PS3_K3A_NIA0357 0.231835201383 144.6 800.1 144.6 826.9 136.3 826.9 136.3 800.1
OBJ05595_PS3_K3A_NIA0357 0.228980854154 138.4 500.4 138.4 526.9 127.6 526.9 127.6 500.4
OBJ05713_PS3_K3A_NIA0363 0.314370602369 225.4 897.9 231.2 906.8 203.8 925.5 198.0 916.6
OBJ05713_PS3_K3A_NIA0363 0.265546709299 38.2 505.2 42.5 514.8 9.7 525.2 5.4 515.6
OBJ05713_PS3_K3A_NIA0363 0.250292807817 110.8 972.0 116.0 981.1 88.1 998.8 82.9 989.7
OBJ05713_PS3_K3A_NIA0363 0.235646978021 287.5 606.8 290.6 616.0 261.6 624.2 258.5 615.0
OBJ05713_PS3_K3A_NIA0363 0.232981964946 328.6 531.6 332.3 540.3 302.9 549.2 299.2 540.6
OBJ05713_PS3_K3A_NIA0363 0.231209248304 78.2 994.5 81.2 1001.5 52.5 1016.2 49.5 1009.2
OBJ05713_PS3_K3A_NIA0363 0.219043582678 283.9 1004.5 287.2 1011.6 261.4 1024.1 258.1 1017.0
OBJ05713_PS3_K3A_NIA0363 0.217938005924 297.6 592.4 301.0 601.9 274.1 609.8 270.7 600.4
OBJ05713_PS3_K3A_NIA0363 0.212120041251 295.5 853.4 300.2 861.5 271.4 881.1 266.7 873.0
OBJ05713_PS3_K3A_NIA0363 0.203828349710 301.7 539.5 304.8 547.9 271.6 558.1 268.5 549.6
OBJ05713_PS3_K3A_NIA0363 0.196715861559 260.4 614.4 264.4 623.6 231.5 633.8 227.5 624.5
OBJ05713_PS3_K3A_NIA0363 0.189617514610 178.9 636.0 182.2 645.7 155.3 652.7 152.0 643.0
OBJ05713_PS3_K3A_NIA0363 0.186009526253 364.6 806.3 370.5 814.7 343.0 834.2 337.1 825.8
OBJ05713_PS3_K3A_NIA0363 0.182300388813 354.0 576.2 356.7 584.4 328.7 592.2 326.0 584.1
OBJ05018_PS3_K3A_NIA0329 0.485431283712 306.6 563.0 306.6 587.0 294.5 587.0 294.5 563.0
OBJ05018_PS3_K3A_NIA0329 0.420383155346 1008.1 623.4 1014.5 623.8 1008.7 647.7 1002.3 647.3
OBJ05018_PS3_K3A_NIA0329 0.297712892294 205.6 650.7 225.3 658.8 221.8 664.6 202.1 656.5
OBJ05018_PS3_K3A_NIA0329 0.275384128094 545.1 658.1 545.1 669.8 513.0 669.8 513.0 658.1
OBJ05018_PS3_K3A_NIA0329 0.268640160561 391.3 548.9 391.3 557.7 367.2 557.7 367.2 548.9
OBJ05018_PS3_K3A_NIA0329 0.241274476051 526.1 795.1 526.1 804.0 503.1 804.0 503.1 795.1
OBJ05018_PS3_K3A_NIA0329 0.231877982616 503.6 790.3 503.6 802.2 476.7 802.2 476.7 790.3
OBJ05018_PS3_K3A_NIA0329 0.221921876073 636.2 561.9 636.2 587.4 625.3 587.4 625.3 561.9
OBJ05018_PS3_K3A_NIA0329 0.211243093014 181.2 293.8 181.2 306.2 148.8 306.2 148.8 293.8
OBJ05018_PS3_K3A_NIA0329 0.208564713597 682.2 485.0 682.2 509.5 670.3 509.5 670.3 485.0
OBJ05018_PS3_K3A_NIA0329 0.206664383411 363.9 545.5 363.9 552.6 339.2 552.6 339.2 545.5
OBJ05018_PS3_K3A_NIA0329 0.190463721752 244.0 387.8 252.0 390.2 244.7 412.1 236.7 409.7
OBJ05544_PS3_K3A_NIA0354 0.454160124063 563.4 254.4 571.3 256.3 562.5 278.4 554.6 276.4
OBJ05544_PS3_K3A_NIA0354 0.370929062366 636.7 362.9 655.9 379.2 652.0 383.8 632.8 367.5
OBJ05544_PS3_K3A_NIA0354 0.358370900154 602.8 323.2 620.1 335.8 615.8 341.0 598.6 328.3
OBJ05544_PS3_K3A_NIA0354 0.237339794636 583.2 260.9 591.8 265.3 583.3 284.9 574.7 280.5
OBJ05544_PS3_K3A_NIA0354 0.207334443927 778.7 320.7 786.9 320.9 778.1 348.3 770.0 348.1
OBJ05544_PS3_K3A_NIA0354 0.202174335718 853.7 256.7 863.7 261.2 852.6 286.2 842.6 281.7
OBJ04038_PS3_K3A_NIA0170 0.497450262308 232.5 703.3 239.7 724.5 233.5 727.1 226.3 705.9
OBJ04038_PS3_K3A_NIA0170 0.489245533943 293.5 729.8 293.5 757.8 282.1 757.8 282.1 729.8
OBJ04038_PS3_K3A_NIA0170 0.450607866049 492.2 696.0 513.7 704.2 511.1 710.6 489.6 702.3
OBJ04038_PS3_K3A_NIA0170 0.446687638760 472.6 572.0 482.0 590.1 476.7 592.6 467.3 574.5
OBJ04038_PS3_K3A_NIA0170 0.442872524261 551.8 443.8 575.0 455.0 572.7 461.1 549.5 450.0
OBJ04038_PS3_K3A_NIA0170 0.439669162035 247.0 909.0 247.0 934.5 234.7 934.5 234.7 909.0
OBJ04038_PS3_K3A_NIA0170 0.415816903114 559.8 426.5 582.5 437.1 579.8 442.7 557.1 432.1
OBJ04038_PS3_K3A_NIA0170 0.407923758030 506.3 675.8 524.3 684.5 521.6 691.7 503.6 683.1
OBJ04038_PS3_K3A_NIA0170 0.384249299765 466.1 590.1 474.2 610.9 466.9 614.3 458.8 593.5
OBJ04038_PS3_K3A_NIA0170 0.381823867559 566.6 406.4 591.5 416.0 588.5 424.2 563.6 414.6
OBJ04038_PS3_K3A_NIA0170 0.367149621248 479.5 559.7 487.4 578.0 481.9 580.1 473.9 561.8
OBJ04038_PS3_K3A_NIA0170 0.359395593405 532.0 420.4 554.4 430.8 550.5 438.4 528.1 428.1
OBJ04038_PS3_K3A_NIA0170 0.354439616203 934.5 92.3 943.6 110.8 934.1 115.8 924.9 97.3
OBJ04038_PS3_K3A_NIA0170 0.346444755793 507.8 498.3 516.0 517.3 508.7 519.6 500.5 500.6
OBJ04038_PS3_K3A_NIA0170 0.331182211637 488.3 539.4 495.7 556.5 489.0 559.7 481.6 542.5
OBJ04038_PS3_K3A_NIA0170 0.295574814081 509.8 646.8 526.7 662.1 521.8 667.7 504.9 652.4
OBJ04038_PS3_K3A_NIA0170 0.288877606392 517.8 446.6 540.5 456.8 538.4 463.8 515.8 453.6
OBJ04038_PS3_K3A_NIA0170 0.273441016674 500.3 510.2 510.0 530.0 503.4 532.3 493.8 512.5
OBJ04038_PS3_K3A_NIA0170 0.266845792532 642.3 147.9 646.6 155.1 627.5 168.9 623.3 161.6
OBJ04038_PS3_K3A_NIA0170 0.255610555410 590.3 69.6 602.1 92.1 591.8 97.0 580.0 74.4
OBJ04038_PS3_K3A_NIA0170 0.246979922056 470.5 405.1 494.2 415.2 491.7 422.1 468.0 412.0
OBJ04038_PS3_K3A_NIA0170 0.244336858392 622.4 413.6 640.6 422.7 638.0 428.7 619.7 419.7
OBJ04038_PS3_K3A_NIA0170 0.233703047037 259.5 429.1 269.4 448.5 262.2 453.3 252.3 433.9
OBJ04038_PS3_K3A_NIA0170 0.227980792522 422.9 314.2 429.3 318.6 419.0 342.2 412.6 337.8
OBJ04038_PS3_K3A_NIA0170 0.226092919707 388.0 392.7 392.1 398.8 373.0 417.8 369.0 411.6
OBJ04038_PS3_K3A_NIA0170 0.225668370724 520.3 265.0 540.3 276.6 537.7 282.1 517.7 270.6
OBJ04038_PS3_K3A_NIA0170 0.223332926631 541.3 706.7 565.3 720.4 562.2 725.2 538.2 711.4
OBJ04038_PS3_K3A_NIA0170 0.214245662093 535.4 231.7 555.0 240.6 552.2 247.0 532.6 238.1
OBJ04038_PS3_K3A_NIA0170 0.211066365242 398.6 369.6 404.8 374.7 388.5 393.0 382.3 388.0
OBJ04038_PS3_K3A_NIA0170 0.189830556512 653.5 170.6 657.0 176.3 638.1 188.4 634.6 182.7
OBJ04038_PS3_K3A_NIA0170 0.185658082366 547.5 292.0 569.3 300.6 566.0 308.2 544.3 299.6
OBJ04038_PS3_K3A_NIA0170 0.181315600872 330.4 671.9 341.2 676.8 337.4 694.9 326.5 690.1
OBJ05700_PS3_K3A_NIA0362 0.608527600765 56.5 569.9 62.9 592.5 56.5 594.1 50.1 571.4
OBJ05700_PS3_K3A_NIA0362 0.571577012539 69.7 603.5 77.3 625.7 69.2 628.3 61.6 606.0
OBJ05700_PS3_K3A_NIA0362 0.547448873520 386.7 24.5 386.7 37.0 363.3 37.0 363.3 24.5
OBJ05700_PS3_K3A_NIA0362 0.543103277683 669.1 81.1 677.5 99.8 670.9 103.2 662.6 84.5
OBJ05700_PS3_K3A_NIA0362 0.540914118290 374.3 1000.7 374.3 1012.8 346.2 1012.8 346.2 1000.7
OBJ05700_PS3_K3A_NIA0362 0.538866460323 29.6 588.3 37.2 615.7 29.6 617.7 22.1 590.2
OBJ05700_PS3_K3A_NIA0362 0.507663249969 560.9 904.4 560.9 934.5 550.1 934.5 550.1 904.4
OBJ05700_PS3_K3A_NIA0362 0.489563167095 339.3 909.9 339.3 931.4 328.0 931.4 328.0 909.9
OBJ05700_PS3_K3A_NIA0362 0.469959288836 327.5 973.7 334.2 978.8 324.7 995.4 318.0 990.3
OBJ05700_PS3_K3A_NIA0362 0.456796288490 304.8 972.1 310.6 972.1 305.2 993.1 299.4 993.1
OBJ05700_PS3_K3A_NIA0362 0.441147297621 290.4 995.8 294.4 1002.7 271.6 1015.2 267.7 1008.4
OBJ05700_PS3_K3A_NIA0362 0.438367933035 560.4 623.1 560.4 648.0 551.4 648.0 551.4 623.1
OBJ05700_PS3_K3A_NIA0362 0.406960785389 225.3 856.6 242.7 872.3 239.0 876.7 221.6 861.0
OBJ05700_PS3_K3A_NIA0362 0.377947032452 517.4 473.8 517.4 485.4 490.1 485.4 490.1 473.8
OBJ05700_PS3_K3A_NIA0362 0.364020586014 873.0 444.8 873.0 452.5 846.7 452.5 846.7 444.8
OBJ05700_PS3_K3A_NIA0362 0.363029032946 163.2 708.2 166.1 715.1 144.3 724.4 141.4 717.5
OBJ05700_PS3_K3A_NIA0362 0.362745642662 693.0 855.3 693.0 879.0 683.4 879.0 683.4 855.3
OBJ05700_PS3_K3A_NIA0362 0.354350537062 201.8 888.6 218.7 906.0 212.5 911.1 195.6 893.7
OBJ05700_PS3_K3A_NIA0362 0.312320053577 938.7 804.5 938.7 830.7 931.0 830.7 931.0 804.5
OBJ05700_PS3_K3A_NIA0362 0.303085386753 406.7 1009.1 406.7 1020.1 382.8 1020.1 382.8 1009.1
OBJ05700_PS3_K3A_NIA0362 0.297382652760 77.2 959.3 77.2 983.7 67.4 983.7 67.4 959.3
OBJ05700_PS3_K3A_NIA0362 0.297039479017 160.8 799.3 177.3 817.8 174.2 821.3 157.7 802.8
OBJ05700_PS3_K3A_NIA0362 0.293947011232 99.0 679.5 106.8 699.6 97.5 703.0 89.7 682.9
OBJ05700_PS3_K3A_NIA0362 0.291095048189 101.7 873.3 101.7 901.8 91.6 901.8 91.6 873.3
OBJ05700_PS3_K3A_NIA0362 0.288802802563 203.9 384.8 206.8 391.2 180.2 399.0 177.3 392.7
OBJ05700_PS3_K3A_NIA0362 0.286810278893 495.4 289.2 495.4 298.4 469.9 298.4 469.9 289.2
OBJ05700_PS3_K3A_NIA0362 0.285989224911 940.6 175.5 940.6 190.8 910.8 190.8 910.8 175.5
OBJ05700_PS3_K3A_NIA0362 0.279402047396 419.9 20.2 420.5 25.8 395.3 32.3 394.7 26.7
OBJ05700_PS3_K3A_NIA0362 0.275484055281 556.0 664.1 556.0 689.7 542.7 689.7 542.7 664.1
OBJ05700_PS3_K3A_NIA0362 0.267037451267 673.4 609.6 673.4 624.4 641.6 624.4 641.6 609.6
OBJ05700_PS3_K3A_NIA0362 0.266220092773 419.8 52.0 422.2 60.2 395.5 65.6 393.1 57.3
OBJ05700_PS3_K3A_NIA0362 0.265772938728 300.0 610.9 300.0 632.2 285.2 632.2 285.2 610.9
OBJ05700_PS3_K3A_NIA0362 0.264766991138 941.1 429.7 941.1 438.0 912.7 438.0 912.7 429.7
OBJ05700_PS3_K3A_NIA0362 0.262955158949 265.7 91.9 265.7 115.1 251.0 115.1 251.0 91.9
OBJ05700_PS3_K3A_NIA0362 0.257834047079 454.3 11.2 454.3 23.2 429.1 23.2 429.1 11.2
OBJ05700_PS3_K3A_NIA0362 0.254328280687 104.6 838.4 104.6 865.7 91.1 865.7 91.1 838.4
OBJ05700_PS3_K3A_NIA0362 0.249771595001 59.1 647.7 68.4 676.9 57.1 679.5 47.8 650.3
OBJ05700_PS3_K3A_NIA0362 0.245959326625 863.5 189.7 884.9 198.2 882.5 204.8 861.2 196.3
OBJ05700_PS3_K3A_NIA0362 0.242443576455 299.7 540.2 299.7 571.6 285.2 571.6 285.2 540.2
OBJ05700_PS3_K3A_NIA0362 0.240509346128 416.3 494.1 416.3 507.5 395.6 507.5 395.6 494.1
OBJ05700_PS3_K3A_NIA0362 0.239030063152 449.7 978.5 478.3 988.5 474.4 998.2 445.9 988.3
OBJ05700_PS3_K3A_NIA0362 0.238204553723 758.5 455.6 758.5 464.8 732.9 464.8 732.9 455.6
OBJ05700_PS3_K3A_NIA0362 0.219263941050 852.4 131.2 861.1 133.4 852.2 157.6 843.5 155.4
OBJ05700_PS3_K3A_NIA0362 0.209481835365 673.7 686.2 688.5 718.4 680.1 722.0 665.3 689.7
OBJ05700_PS3_K3A_NIA0362 0.200608730316 936.1 760.4 936.1 782.7 924.6 782.7 924.6 760.4
OBJ05700_PS3_K3A_NIA0362 0.199050322175 529.1 225.1 535.9 248.8 528.6 250.6 521.8 226.9
OBJ05700_PS3_K3A_NIA0362 0.193573057652 382.7 623.3 382.7 635.8 352.5 635.8 352.5 623.3
OBJ05586_PS3_K3A_NIA0357 0.265171885490 789.9 652.9 789.9 660.4 764.5 660.4 764.5 652.9
OBJ05586_PS3_K3A_NIA0357 0.221208691597 735.9 348.7 735.9 371.9 725.4 371.9 725.4 348.7
OBJ05586_PS3_K3A_NIA0357 0.216689363122 694.6 661.8 694.6 693.0 684.1 693.0 684.1 661.8
OBJ04871_PS3_K3A_NIA0318 0.250463694334 870.3 884.8 881.0 906.2 873.0 910.0 862.3 888.6
OBJ04871_PS3_K3A_NIA0318 0.214835897088 828.7 698.3 828.7 725.6 822.5 725.6 822.5 698.3
OBJ03837_PS3_K3A_NIA0161 0.282814323902 458.9 515.9 466.6 521.1 451.7 540.2 443.9 535.0
OBJ03837_PS3_K3A_NIA0161 0.242787182331 479.5 524.0 486.8 529.9 469.7 549.8 462.4 543.8
OBJ03719_PS3_K3A_NIA0156 0.420031040907 828.2 106.3 844.1 125.9 837.2 131.4 821.3 111.8
OBJ03719_PS3_K3A_NIA0156 0.266555368900 697.3 38.9 714.9 53.7 710.4 60.0 692.8 45.3
OBJ03719_PS3_K3A_NIA0156 0.193531483412 900.6 227.7 917.3 246.5 912.7 250.2 896.1 231.4
OBJ05016_PS3_K3A_NIA0329 0.398206233978 242.7 586.4 245.3 595.4 221.9 602.2 219.3 593.2
OBJ05016_PS3_K3A_NIA0329 0.357996404171 622.3 335.1 629.3 339.9 613.7 361.9 606.6 357.1
OBJ05016_PS3_K3A_NIA0329 0.272538840771 501.7 521.5 523.5 543.2 516.6 549.8 494.9 528.1
OBJ05016_PS3_K3A_NIA0329 0.261967629194 392.3 547.8 395.7 557.2 369.1 565.9 365.7 556.5
OBJ05016_PS3_K3A_NIA0329 0.222920238972 110.4 85.1 110.4 111.7 100.8 111.7 100.8 85.1
OBJ05016_PS3_K3A_NIA0329 0.218139559031 860.9 929.6 875.1 944.9 870.5 949.7 856.3 934.3
OBJ05016_PS3_K3A_NIA0329 0.202638804913 300.0 582.5 302.0 590.8 272.6 598.1 270.5 589.8
OBJ05016_PS3_K3A_NIA0329 0.197034865618 621.7 795.1 644.2 812.5 639.6 818.4 617.1 800.9
OBJ05016_PS3_K3A_NIA0329 0.188561990857 716.9 291.9 734.2 306.9 730.2 311.4 712.8 296.4
OBJ05016_PS3_K3A_NIA0329 0.181430444121 243.1 310.3 268.4 318.0 265.3 325.9 240.0 318.2
OBJ05016_PS3_K3A_NIA0329 0.181223273277 843.9 899.3 864.6 922.5 859.2 928.0 838.5 904.7
OBJ05260_PS3_K3A_NIA0342 0.386092543602 339.5 947.0 339.5 974.8 330.2 974.8 330.2 947.0
OBJ05260_PS3_K3A_NIA0342 0.240828782320 108.0 982.1 108.0 993.7 78.7 993.7 78.7 982.1
OBJ05260_PS3_K3A_NIA0342 0.216852709651 355.8 987.9 360.1 993.6 341.5 1012.0 337.2 1006.2
OBJ05260_PS3_K3A_NIA0342 0.213671892881 159.4 891.3 159.4 921.5 145.4 921.5 145.4 891.3
OBJ05260_PS3_K3A_NIA0342 0.199086710811 243.6 912.8 252.0 914.2 245.8 941.7 237.5 940.2
OBJ03730_PS3_K3A_NIA0156 0.495064884424 288.1 551.7 315.5 566.2 311.7 575.1 284.3 560.6
OBJ03730_PS3_K3A_NIA0156 0.393832355738 897.8 515.6 907.1 517.3 899.6 541.6 890.2 539.9
OBJ03730_PS3_K3A_NIA0156 0.357461154461 32.4 147.2 56.7 153.4 55.5 161.7 31.2 155.5
OBJ03730_PS3_K3A_NIA0156 0.343827188015 179.3 597.0 179.3 620.7 162.2 620.7 162.2 597.0
OBJ03730_PS3_K3A_NIA0156 0.274593055248 782.2 823.8 802.5 829.8 800.0 838.9 779.7 832.9
OBJ03730_PS3_K3A_NIA0156 0.274302810431 12.5 156.1 39.9 164.4 37.5 172.4 10.1 164.0
OBJ03730_PS3_K3A_NIA0156 0.255501598120 914.5 792.7 938.3 799.6 935.4 808.9 911.6 802.1
OBJ03730_PS3_K3A_NIA0156 0.234800860286 653.8 752.1 674.4 757.5 671.8 766.8 651.1 761.4
OBJ03730_PS3_K3A_NIA0156 0.223034530878 377.3 164.1 400.0 173.3 397.2 181.3 374.5 172.1
OBJ03730_PS3_K3A_NIA0156 0.219854906201 707.8 768.9 727.9 776.0 725.2 785.1 705.1 777.9
OBJ03730_PS3_K3A_NIA0156 0.216858297586 936.7 837.9 958.2 844.7 955.9 852.7 934.4 845.8
OBJ03730_PS3_K3A_NIA0156 0.214212507010 140.7 752.3 148.9 754.6 137.8 789.6 129.7 787.3
OBJ03730_PS3_K3A_NIA0156 0.213147237897 599.0 736.3 620.3 743.5 617.3 750.8 596.0 743.5
OBJ03730_PS3_K3A_NIA0156 0.211852729321 1015.4 887.7 1015.4 901.1 988.6 901.1 988.6 887.7
OBJ03730_PS3_K3A_NIA0156 0.201983898878 21.0 472.1 46.4 483.1 42.0 492.7 16.5 481.7
OBJ03730_PS3_K3A_NIA0156 0.200975582004 701.3 759.5 701.3 773.5 677.1 773.5 677.1 759.5
OBJ03730_PS3_K3A_NIA0156 0.196931004524 259.6 566.8 259.6 583.3 235.2 583.3 235.2 566.8
OBJ03730_PS3_K3A_NIA0156 0.196078568697 425.6 335.5 450.0 351.5 445.8 358.3 421.4 342.3
OBJ03730_PS3_K3A_NIA0156 0.195605307817 723.5 160.9 727.4 170.5 700.0 180.0 696.1 170.4
OBJ03730_PS3_K3A_NIA0156 0.195381775498 153.3 713.0 161.5 715.9 151.9 745.3 143.7 742.5
OBJ04166_PS3_K3A_NIA0180 0.287677258253 27.6 544.0 35.7 548.1 22.3 570.1 14.2 566.0
OBJ04007_PS3_K3A_NIA0167 0.203756466508 706.1 315.8 706.1 326.2 678.5 326.2 678.5 315.8
OBJ04007_PS3_K3A_NIA0167 0.201582521200 39.1 491.6 43.0 495.9 23.4 513.7 19.6 509.4
OBJ03618_PS3_K3A_NIA0151 0.248449057341 950.7 880.0 961.2 915.8 953.1 918.6 942.6 882.8
OBJ03618_PS3_K3A_NIA0151 0.247249588370 775.9 152.3 775.9 176.5 766.5 176.5 766.5 152.3
OBJ03618_PS3_K3A_NIA0151 0.201833263040 941.8 843.3 941.8 873.1 925.9 873.1 925.9 843.3
OBJ03618_PS3_K3A_NIA0151 0.200580060482 973.2 136.7 978.5 138.2 960.5 164.8 955.2 163.3
OBJ04105_PS3_K3A_NIA0174 0.415344655514 994.2 889.2 1000.0 897.0 981.6 912.3 975.9 904.5
OBJ04105_PS3_K3A_NIA0174 0.280369460583 814.7 947.9 825.5 968.1 819.4 970.5 808.6 950.2
OBJ05367_PS3_K3A_NIA0346 0.218930974603 610.4 571.7 614.8 575.9 597.0 592.4 592.6 588.3
OBJ05367_PS3_K3A_NIA0346 0.193037286401 489.1 551.4 504.7 567.2 499.0 572.9 483.4 557.1
OBJ03951_PS3_K3A_NIA0166 0.334396243095 213.5 9.3 221.6 12.0 212.2 39.8 204.1 37.1
OBJ03951_PS3_K3A_NIA0166 0.308789521456 216.1 43.0 230.8 64.8 224.2 68.7 209.5 46.9
OBJ03951_PS3_K3A_NIA0166 0.219591245055 224.5 113.2 247.7 131.5 243.2 139.0 219.9 120.6
OBJ03951_PS3_K3A_NIA0166 0.218905329704 435.5 0.5 439.7 5.8 419.2 19.1 414.9 13.8
OBJ03951_PS3_K3A_NIA0166 0.216164886951 246.1 178.6 267.5 195.8 259.9 204.3 238.6 187.1
OBJ03951_PS3_K3A_NIA0166 0.201001346111 240.1 74.8 256.4 90.3 251.0 95.6 234.7 80.1
OBJ03951_PS3_K3A_NIA0166 0.198224723339 339.4 251.0 358.7 265.5 354.6 271.6 335.3 257.1
OBJ03785_PS3_K3A_NIA0158 0.399781495333 462.6 675.2 486.3 681.1 484.9 688.6 461.2 682.7
OBJ03785_PS3_K3A_NIA0158 0.266737341881 139.6 813.6 145.4 815.5 137.7 841.6 131.9 839.7
OBJ03785_PS3_K3A_NIA0158 0.266259163618 690.1 71.5 710.5 89.6 706.4 94.8 686.0 76.7
OBJ03785_PS3_K3A_NIA0158 0.259708732367 779.2 392.9 785.2 398.1 768.1 418.3 762.1 413.1
OBJ03785_PS3_K3A_NIA0158 0.239404737949 345.0 669.1 351.9 670.2 344.8 697.5 337.9 696.4
OBJ03785_PS3_K3A_NIA0158 0.226719334722 319.1 735.6 325.9 736.2 319.5 761.9 312.7 761.2
OBJ03785_PS3_K3A_NIA0158 0.204348802567 49.0 929.6 49.0 952.0 36.4 952.0 36.4 929.6
OBJ03785_PS3_K3A_NIA0158 0.191485226154 754.2 65.1 760.2 70.7 744.5 86.1 738.4 80.5
OBJ03785_PS3_K3A_NIA0158 0.191413804889 29.8 924.9 37.5 926.2 30.2 951.9 22.5 950.5
OBJ03785_PS3_K3A_NIA0158 0.189948782325 111.3 898.7 111.3 913.7 84.0 913.7 84.0 898.7
OBJ03785_PS3_K3A_NIA0158 0.184586167336 28.6 965.4 36.4 968.0 30.9 983.8 23.1 981.2
OBJ03785_PS3_K3A_NIA0158 0.183593079448 191.8 833.6 199.6 835.5 191.9 857.8 184.0 855.9
OBJ03785_PS3_K3A_NIA0158 0.183257743716 242.5 774.2 263.2 784.3 260.0 794.1 239.2 784.0
OBJ03785_PS3_K3A_NIA0158 0.181962594390 332.9 901.9 339.5 902.9 334.2 927.2 327.6 926.2
OBJ05451_PS3_K3A_NIA0166 0.500763416290 123.1 85.8 123.1 95.7 97.5 95.7 97.5 85.8
OBJ05451_PS3_K3A_NIA0166 0.473561078310 594.2 998.1 596.6 1007.8 574.2 1013.3 571.9 1003.6
OBJ05451_PS3_K3A_NIA0166 0.365292400122 157.4 34.1 157.4 54.5 147.7 54.5 147.7 34.1
OBJ05451_PS3_K3A_NIA0166 0.339209467173 332.6 531.7 332.6 557.5 321.6 557.5 321.6 531.7
OBJ05451_PS3_K3A_NIA0166 0.257235497236 191.6 30.9 191.6 55.8 179.9 55.8 179.9 30.9
OBJ05451_PS3_K3A_NIA0166 0.193045228720 316.9 117.8 316.9 146.2 306.8 146.2 306.8 117.8
OBJ05624_PS3_K3A_NIA0358 0.251500308514 494.2 376.3 500.7 382.7 484.5 401.4 478.0 395.0
OBJ05624_PS3_K3A_NIA0358 0.223713234067 764.2 139.4 770.4 144.6 752.8 164.8 746.6 159.6
OBJ05624_PS3_K3A_NIA0358 0.215881749988 770.6 712.3 792.0 729.6 787.2 736.3 765.9 718.9
OBJ05624_PS3_K3A_NIA0358 0.211928024888 758.4 727.5 779.8 743.9 774.8 751.2 753.4 734.8
OBJ05624_PS3_K3A_NIA0358 0.198250338435 606.1 922.0 606.1 930.8 571.3 930.8 571.3 922.0
OBJ05624_PS3_K3A_NIA0358 0.190269783139 812.1 195.7 831.6 211.3 826.4 218.2 807.0 202.6
OBJ05624_PS3_K3A_NIA0358 0.183781504631 830.1 787.8 830.1 813.5 823.1 813.5 823.1 787.8
OBJ05624_PS3_K3A_NIA0358 0.180472642183 750.2 741.6 770.9 756.9 766.4 763.4 745.7 748.0
OBJ04084_PS3_K3A_NIA0172 0.366947442293 67.4 884.9 87.9 891.5 85.5 898.5 65.0 892.0
OBJ04084_PS3_K3A_NIA0172 0.259320795536 767.9 467.7 791.9 477.5 788.2 483.7 764.3 473.8
OBJ04084_PS3_K3A_NIA0172 0.259160667658 77.7 831.2 94.9 837.5 91.1 844.5 74.0 838.2
OBJ04084_PS3_K3A_NIA0172 0.198414102197 662.0 769.9 682.9 778.7 678.8 786.2 657.9 777.5
OBJ04084_PS3_K3A_NIA0172 0.181664884090 935.4 422.7 962.3 438.5 956.8 446.4 929.9 430.6
OBJ04669_PS3_K3A_NIA0312 0.216948524117 514.6 835.3 534.1 844.5 529.4 851.4 509.9 842.2
OBJ05778_PS3_K3A_NIA0368 0.395043343306 830.2 946.8 830.2 973.8 821.6 973.8 821.6 946.8
OBJ05778_PS3_K3A_NIA0368 0.356682419777 1013.0 927.3 1013.0 937.8 987.3 937.8 987.3 927.3
OBJ05778_PS3_K3A_NIA0368 0.271321445704 838.4 979.7 838.4 1005.7 829.0 1005.7 829.0 979.7
OBJ05778_PS3_K3A_NIA0368 0.233457446098 897.6 847.3 916.3 861.2 912.0 867.3 893.2 853.4
OBJ05778_PS3_K3A_NIA0368 0.215823218226 909.8 891.2 933.2 900.7 930.4 906.9 907.0 897.4
OBJ05778_PS3_K3A_NIA0368 0.214057877660 423.7 4.6 452.3 21.6 448.8 30.2 420.1 13.2
OBJ05778_PS3_K3A_NIA0368 0.211227864027 393.6 611.5 412.9 624.2 407.1 631.6 387.8 618.9
OBJ05625_PS3_K3A_NIA0358 0.368535637856 796.6 911.8 798.9 919.3 775.7 927.5 773.4 919.9
OBJ05625_PS3_K3A_NIA0358 0.355546385050 967.3 883.8 970.1 892.4 939.4 900.3 936.5 891.7
OBJ05625_PS3_K3A_NIA0358 0.347090125084 893.5 900.9 893.5 911.0 863.7 911.0 863.7 900.9
OBJ05625_PS3_K3A_NIA0358 0.339093893766 993.3 870.6 996.1 876.9 970.7 886.4 967.9 880.1
OBJ05625_PS3_K3A_NIA0358 0.338726133108 437.5 996.0 437.5 1006.2 409.4 1006.2 409.4 996.0
OBJ05625_PS3_K3A_NIA0358 0.323934644461 888.5 858.2 888.5 888.7 879.1 888.7 879.1 858.2
OBJ05625_PS3_K3A_NIA0358 0.320187300444 611.3 962.0 612.1 967.0 585.0 972.9 584.1 968.0
OBJ05625_PS3_K3A_NIA0358 0.313099384308 744.7 923.4 745.0 930.6 718.4 938.3 718.1 931.1
OBJ05625_PS3_K3A_NIA0358 0.291461735964 905.5 829.3 908.9 835.9 882.3 850.0 878.9 843.4
OBJ05625_PS3_K3A_NIA0358 0.287601262331 372.7 814.1 394.6 830.3 388.3 838.6 366.4 822.4
OBJ05625_PS3_K3A_NIA0358 0.287381887436 469.8 990.4 469.8 1001.8 441.7 1001.8 441.7 990.4
OBJ05625_PS3_K3A_NIA0358 0.268030643463 152.0 1008.3 152.0 1016.7 124.3 1016.7 124.3 1008.3
OBJ05625_PS3_K3A_NIA0358 0.260917335749 303.5 1002.3 303.5 1012.9 279.3 1012.9 279.3 1002.3
OBJ05625_PS3_K3A_NIA0358 0.237188503146 953.9 496.9 971.2 515.1 965.5 521.2 948.2 503.1
OBJ05625_PS3_K3A_NIA0358 0.236932858825 744.5 556.7 750.1 561.4 732.7 581.2 727.2 576.4
OBJ05625_PS3_K3A_NIA0358 0.227682247758 364.5 996.4 364.5 1006.2 339.0 1006.2 339.0 996.4
OBJ05625_PS3_K3A_NIA0358 0.217830151320 940.6 844.6 943.7 852.5 914.7 861.5 911.6 853.5
OBJ05625_PS3_K3A_NIA0358 0.215603575110 870.8 636.9 891.8 655.0 886.3 661.7 865.3 643.5
OBJ05625_PS3_K3A_NIA0358 0.213398635387 504.1 986.5 504.1 997.2 475.1 997.2 475.1 986.5
OBJ05625_PS3_K3A_NIA0358 0.205477431417 1022.3 862.0 1024.1 873.7 1002.1 879.3 1000.3 867.5
OBJ05625_PS3_K3A_NIA0358 0.202952891588 1001.5 550.2 1021.9 570.4 1016.5 576.2 996.1 556.0
OBJ05625_PS3_K3A_NIA0358 0.201468065381 341.6 1003.9 341.6 1014.5 312.3 1014.5 312.3 1003.9
OBJ05625_PS3_K3A_NIA0358 0.186788216233 730.1 543.2 736.8 548.5 720.9 568.1 714.2 562.8
OBJ05625_PS3_K3A_NIA0358 0.182882413268 791.3 932.5 794.1 939.9 765.0 947.5 762.2 940.2
OBJ05625_PS3_K3A_NIA0358 0.181705966592 704.0 477.1 709.2 480.9 689.8 503.1 684.6 499.3
OBJ05530_PS3_K3A_NIA0353 0.234904602170 174.7 626.7 186.8 643.9 180.9 647.3 168.8 630.1
OBJ05731_PS3_K3A_NIA0363 0.330211460590 402.1 315.7 415.5 333.9 409.3 338.3 395.9 320.1
OBJ04066_PS3_K3A_NIA0171 0.316655427217 381.2 920.9 388.9 924.0 380.2 945.8 372.4 942.7
OBJ04066_PS3_K3A_NIA0171 0.290705353022 678.1 569.3 704.4 575.0 703.0 583.1 676.8 577.3
OBJ04066_PS3_K3A_NIA0171 0.290548950434 629.4 232.4 637.2 235.0 628.6 260.0 620.8 257.4
OBJ04066_PS3_K3A_NIA0171 0.267815679312 643.1 238.2 649.9 240.4 641.4 264.0 634.6 261.7
OBJ04066_PS3_K3A_NIA0171 0.257618248463 757.3 602.9 757.3 614.3 729.7 614.3 729.7 602.9
OBJ04066_PS3_K3A_NIA0171 0.253130793571 770.8 637.2 770.8 650.9 744.6 650.9 744.6 637.2
OBJ04066_PS3_K3A_NIA0171 0.209525749087 731.0 551.6 731.0 575.3 719.3 575.3 719.3 551.6
OBJ04066_PS3_K3A_NIA0171 0.200884863734 776.3 622.2 776.3 636.7 753.1 636.7 753.1 622.2
OBJ04066_PS3_K3A_NIA0171 0.198981702328 617.0 320.1 617.0 347.1 602.0 347.1 602.0 320.1
OBJ04066_PS3_K3A_NIA0171 0.190690770745 35.0 165.6 55.6 182.6 52.2 188.3 31.6 171.3
OBJ04066_PS3_K3A_NIA0171 0.185465261340 690.8 591.0 690.8 601.6 662.6 601.6 662.6 591.0
OBJ04066_PS3_K3A_NIA0171 0.181680709124 561.7 387.9 570.8 390.3 563.0 415.4 554.0 413.0
OBJ04092_PS3_K3A_NIA0174 0.228058248758 386.3 554.5 404.4 564.4 401.0 571.1 382.9 561.2
OBJ04092_PS3_K3A_NIA0174 0.208613589406 641.8 37.4 651.2 41.0 643.3 60.4 633.9 56.7
OBJ04092_PS3_K3A_NIA0174 0.195774942636 234.5 716.0 260.8 722.7 257.4 733.3 231.0 726.6
OBJ04092_PS3_K3A_NIA0174 0.180925592780 362.4 692.5 368.8 696.2 356.4 717.5 350.0 713.8
OBJ04035_PS3_K3A_NIA0170 0.574786126614 532.9 483.7 539.1 490.1 524.8 505.5 518.6 499.0
OBJ04035_PS3_K3A_NIA0170 0.549938201904 596.7 538.0 613.2 554.2 608.7 558.2 592.2 542.0
OBJ04035_PS3_K3A_NIA0170 0.540771365166 616.4 437.2 622.2 442.5 605.3 460.7 599.5 455.3
OBJ04035_PS3_K3A_NIA0170 0.537221252918 582.3 551.4 599.2 567.9 594.3 572.0 577.5 555.5
OBJ04035_PS3_K3A_NIA0170 0.527832388878 486.1 430.3 493.1 436.4 476.2 455.2 469.2 449.0
OBJ04035_PS3_K3A_NIA0170 0.515721619129 542.1 448.8 548.4 454.9 533.1 472.3 526.8 466.2
OBJ04035_PS3_K3A_NIA0170 0.515571355820 514.6 459.4 520.7 466.0 503.9 481.4 497.8 474.8
OBJ04035_PS3_K3A_NIA0170 0.513675034046 608.4 524.7 625.5 541.3 620.5 545.8 603.4 529.2
OBJ04035_PS3_K3A_NIA0170 0.508314788342 499.3 444.3 505.5 450.5 488.7 466.6 482.5 460.4
OBJ04035_PS3_K3A_NIA0170 0.501656711102 629.7 444.5 634.7 449.5 616.8 467.0 611.8 462.0
OBJ04035_PS3_K3A_NIA0170 0.501403629780 543.5 591.2 558.5 610.6 553.4 613.6 538.4 594.2
OBJ04035_PS3_K3A_NIA0170 0.490475177765 566.0 476.2 572.9 482.0 557.9 499.2 551.0 493.4
OBJ04035_PS3_K3A_NIA0170 0.487655341625 466.0 410.5 470.8 415.8 452.7 433.7 447.9 428.4
OBJ04035_PS3_K3A_NIA0170 0.485552668571 425.3 410.9 438.2 434.9 432.6 436.4 419.8 412.4
OBJ04035_PS3_K3A_NIA0170 0.482571721077 108.8 92.5 116.2 99.3 103.4 114.6 96.0 107.8
OBJ04035_PS3_K3A_NIA0170 0.464211076498 450.4 503.0 453.7 509.6 431.8 519.4 428.5 512.9
OBJ04035_PS3_K3A_NIA0170 0.459570974112 478.7 388.8 485.4 394.7 471.1 410.6 464.4 404.7
OBJ04035_PS3_K3A_NIA0170 0.451566427946 973.7 162.5 993.6 178.1 989.3 184.7 969.4 169.1
OBJ04035_PS3_K3A_NIA0170 0.425182104111 484.3 585.6 488.1 592.5 467.1 603.0 463.3 596.1
OBJ04035_PS3_K3A_NIA0170 0.412652820349 603.7 420.9 608.9 426.2 590.1 446.9 585.0 441.6
OBJ04035_PS3_K3A_NIA0170 0.411263436079 452.9 404.2 458.6 410.5 444.4 425.0 438.7 418.6
OBJ04035_PS3_K3A_NIA0170 0.409088730812 478.3 568.4 481.7 575.5 461.1 584.9 457.7 577.8
OBJ04035_PS3_K3A_NIA0170 0.404570847750 533.7 597.2 544.4 621.3 538.1 624.2 527.4 600.2
OBJ04035_PS3_K3A_NIA0170 0.403600305319 525.6 425.0 541.0 442.2 536.2 445.7 520.8 428.5
OBJ04035_PS3_K3A_NIA0170 0.402309328318 464.9 376.4 469.9 381.8 456.0 396.3 451.0 391.0
OBJ04035_PS3_K3A_NIA0170 0.371849954128 538.8 414.7 558.1 432.9 554.3 436.6 535.0 418.3
OBJ04035_PS3_K3A_NIA0170 0.368354320526 465.0 540.9 468.8 547.0 448.0 556.9 444.2 550.8
OBJ04035_PS3_K3A_NIA0170 0.366552621126 471.9 555.3 475.5 561.8 454.3 571.5 450.7 565.0
OBJ04035_PS3_K3A_NIA0170 0.359779030085 521.0 665.2 525.3 671.9 508.7 685.4 504.4 678.6
OBJ04035_PS3_K3A_NIA0170 0.337375700474 459.9 527.4 463.3 533.7 440.9 543.5 437.5 537.1
OBJ04035_PS3_K3A_NIA0170 0.268316060305 307.9 8.7 333.5 15.7 333.1 23.4 307.4 16.4
OBJ04035_PS3_K3A_NIA0170 0.264113098383 447.4 384.3 453.1 388.8 437.6 405.4 432.0 400.8
OBJ04035_PS3_K3A_NIA0170 0.230168446898 504.4 416.3 509.8 421.9 499.0 437.6 493.6 432.0
OBJ04035_PS3_K3A_NIA0170 0.224268093705 94.7 956.7 120.7 985.6 115.4 991.9 89.4 962.9
OBJ04035_PS3_K3A_NIA0170 0.213015407324 674.3 531.7 681.7 539.7 663.3 554.6 655.9 546.7
OBJ04035_PS3_K3A_NIA0170 0.208419203758 503.7 538.1 517.5 554.6 511.1 559.7 497.3 543.2
OBJ04035_PS3_K3A_NIA0170 0.202692195773 977.0 509.1 977.0 519.1 955.1 519.1 955.1 509.1
OBJ04035_PS3_K3A_NIA0170 0.197873279452 1005.7 635.5 1011.9 643.9 996.0 654.0 989.7 645.6
OBJ04936_PS3_K3A_NIA0324 0.321658343077 508.9 786.0 528.4 804.9 523.6 809.5 504.1 790.6
OBJ04936_PS3_K3A_NIA0324 0.308981627226 540.0 814.1 559.2 829.9 554.2 835.7 535.0 819.9
OBJ05297_PS3_K3A_NIA0343 0.384928584099 724.5 940.2 729.6 962.7 722.1 964.9 717.1 942.5
OBJ04027_PS3_K3A_NIA0169 0.228280425072 178.6 193.7 178.6 203.0 154.9 203.0 154.9 193.7
OBJ05342_PS3_K3A_NIA0345 0.469904839993 188.7 819.4 195.9 824.7 181.4 845.0 174.2 839.7
OBJ05342_PS3_K3A_NIA0345 0.441488474607 225.8 747.4 243.9 766.0 239.3 770.3 221.1 751.7
OBJ05342_PS3_K3A_NIA0345 0.369082123041 163.9 820.0 170.5 824.8 156.7 843.9 150.0 839.2
OBJ05342_PS3_K3A_NIA0345 0.365631788969 257.2 752.6 275.7 769.2 271.5 773.6 253.0 757.0
OBJ05342_PS3_K3A_NIA0345 0.365250259638 209.5 818.7 216.7 824.1 201.5 845.3 194.3 839.9
OBJ05342_PS3_K3A_NIA0345 0.344776391983 128.7 735.8 132.3 742.2 110.3 752.7 106.6 746.3
OBJ05342_PS3_K3A_NIA0345 0.336763650179 257.4 812.4 263.6 816.4 246.5 840.4 240.3 836.4
OBJ05342_PS3_K3A_NIA0345 0.320305675268 279.5 811.9 285.1 816.9 267.9 839.4 262.4 834.4
OBJ05342_PS3_K3A_NIA0345 0.298133462667 243.5 813.4 250.0 818.2 233.7 841.0 227.2 836.1
OBJ05342_PS3_K3A_NIA0345 0.271187722683 614.0 573.2 614.0 603.6 602.1 603.6 602.1 573.2
OBJ03906_PS3_K3A_NIA0165 0.430496394634 587.8 12.3 607.0 27.6 602.8 33.6 583.6 18.3
OBJ03906_PS3_K3A_NIA0165 0.379642307758 817.5 779.4 823.1 784.4 807.5 800.0 801.8 795.0
OBJ03906_PS3_K3A_NIA0165 0.284107774496 560.3 271.8 573.3 285.1 569.3 288.9 556.4 275.6
OBJ03906_PS3_K3A_NIA0165 0.253885447979 535.7 263.6 550.2 279.0 546.2 283.8 531.6 268.4
OBJ03906_PS3_K3A_NIA0165 0.241490468383 587.0 635.2 592.7 637.8 580.6 661.6 574.9 659.0
OBJ03906_PS3_K3A_NIA0165 0.231965824962 51.6 253.8 68.0 270.7 62.5 274.9 46.0 258.0
OBJ03906_PS3_K3A_NIA0165 0.206957906485 573.3 662.2 579.9 666.1 562.9 687.4 556.4 683.5
OBJ03906_PS3_K3A_NIA0165 0.205068185925 751.9 53.0 757.0 59.3 738.1 75.1 732.9 68.8
OBJ03906_PS3_K3A_NIA0165 0.201408505440 682.4 645.1 688.4 650.7 674.9 665.6 669.0 660.0
OBJ03906_PS3_K3A_NIA0165 0.185293495655 548.8 287.5 568.4 307.3 562.5 312.8 542.9 293.0
OBJ03411_PS3_K3A_NIA0138 0.208834901452 747.6 441.5 754.6 448.3 739.4 465.7 732.4 458.9
OBJ04937_PS3_K3A_NIA0324 0.650146782398 501.4 450.6 518.3 467.2 513.5 471.5 496.5 454.8
OBJ04937_PS3_K3A_NIA0324 0.633133828640 467.4 482.5 488.8 504.7 483.0 509.3 461.6 487.1
OBJ04937_PS3_K3A_NIA0324 0.603083312511 394.9 374.6 412.2 392.4 407.1 396.8 389.8 379.0
OBJ04937_PS3_K3A_NIA0324 0.594386100769 548.1 510.3 566.8 527.0 562.8 530.9 544.1 514.2
OBJ04937_PS3_K3A_NIA0324 0.572484612465 481.1 467.5 504.1 492.2 497.2 497.5 474.1 472.7
OBJ04937_PS3_K3A_NIA0324 0.570134580135 569.9 571.1 587.0 587.5 581.0 591.8 563.9 575.4
OBJ04937_PS3_K3A_NIA0324 0.544355511665 557.5 497.3 576.3 514.4 571.2 519.8 552.4 502.6
OBJ04937_PS3_K3A_NIA0324 0.540501475334 324.6 423.8 331.1 430.1 313.8 447.3 307.3 441.0
OBJ04937_PS3_K3A_NIA0324 0.532978057861 306.8 402.4 311.1 408.2 291.9 422.8 287.5 417.0
OBJ04937_PS3_K3A_NIA0324 0.524128198624 552.0 586.3 566.3 605.1 560.5 609.0 546.1 590.1
OBJ04937_PS3_K3A_NIA0324 0.519495546818 402.9 362.7 419.3 380.2 414.3 384.8 397.9 367.3
OBJ04937_PS3_K3A_NIA0324 0.517033874989 651.7 625.8 667.5 642.2 661.1 647.7 645.3 631.3
OBJ04937_PS3_K3A_NIA0324 0.510899186134 431.8 419.0 455.1 445.9 448.7 451.1 425.4 424.2
OBJ04937_PS3_K3A_NIA0324 0.502663969994 413.9 351.1 431.2 366.7 426.3 372.0 409.0 356.3
OBJ04937_PS3_K3A_NIA0324 0.485224843025 632.7 572.3 648.6 590.3 642.3 594.9 626.5 576.8
OBJ04937_PS3_K3A_NIA0324 0.476041972637 630.1 645.2 646.4 661.9 641.0 666.9 624.7 650.1
OBJ04937_PS3_K3A_NIA0324 0.443958014250 726.2 317.1 742.7 335.8 737.6 339.6 721.1 320.9
OBJ04937_PS3_K3A_NIA0324 0.440662026405 293.4 389.8 297.7 396.2 278.4 412.1 274.1 405.7
OBJ04937_PS3_K3A_NIA0324 0.440652310848 673.8 600.8 689.6 616.8 684.8 621.0 669.0 605.1
OBJ04937_PS3_K3A_NIA0324 0.425707548857 364.2 402.4 380.1 422.5 373.6 427.5 357.7 407.5
OBJ04937_PS3_K3A_NIA0324 0.419669896364 421.4 440.6 438.6 461.3 433.9 465.7 416.8 445.1
OBJ04937_PS3_K3A_NIA0324 0.410468637943 638.4 671.4 657.6 688.3 652.4 693.2 633.2 676.3
OBJ04937_PS3_K3A_NIA0324 0.410084486008 540.4 414.0 559.0 432.0 554.6 436.7 536.0 418.7
OBJ04937_PS3_K3A_NIA0324 0.392527371645 566.4 436.4 583.1 454.5 576.7 459.1 560.0 441.0
OBJ04937_PS3_K3A_NIA0324 0.386709362268 617.5 714.1 621.8 719.8 604.4 738.1 600.1 732.4
OBJ04937_PS3_K3A_NIA0324 0.372116535902 49.3 439.3 66.3 453.5 62.2 458.9 45.2 444.7
OBJ04937_PS3_K3A_NIA0324 0.360350251198 581.7 967.0 599.9 987.7 594.2 992.8 576.0 972.0
OBJ04937_PS3_K3A_NIA0324 0.341058552265 604.8 602.9 611.5 606.5 598.7 631.1 592.0 627.5
OBJ04937_PS3_K3A_NIA0324 0.340245246887 795.7 333.6 795.7 346.3 772.8 346.3 772.8 333.6
OBJ04937_PS3_K3A_NIA0324 0.339476585388 287.1 375.5 291.9 381.2 272.9 397.0 268.0 391.3
OBJ04937_PS3_K3A_NIA0324 0.323959469795 326.7 504.4 344.2 520.9 338.9 527.4 321.4 510.8
OBJ04937_PS3_K3A_NIA0324 0.302747339010 1004.1 1000.6 1004.1 1011.3 982.0 1011.3 982.0 1000.6
OBJ04937_PS3_K3A_NIA0324 0.293333142996 446.5 765.6 460.2 781.9 453.8 787.0 440.1 770.7
OBJ04937_PS3_K3A_NIA0324 0.283166944981 273.0 361.5 278.0 367.6 256.2 384.3 251.3 378.2
OBJ04937_PS3_K3A_NIA0324 0.256612539291 359.5 694.2 378.6 710.4 373.4 716.2 354.3 700.1
OBJ04937_PS3_K3A_NIA0324 0.252851039171 588.8 470.1 608.9 491.0 604.6 495.0 584.5 474.1
OBJ04937_PS3_K3A_NIA0324 0.245749786496 487.1 331.8 510.5 353.8 505.0 359.0 481.6 337.1
OBJ04937_PS3_K3A_NIA0324 0.244896039367 341.2 290.6 345.7 297.5 325.3 309.7 320.8 302.7
OBJ04937_PS3_K3A_NIA0324 0.244019687176 410.0 504.5 425.6 516.4 420.1 524.8 404.5 512.9
OBJ04937_PS3_K3A_NIA0324 0.243908822536 363.0 539.3 368.4 543.2 355.9 562.2 350.6 558.2
OBJ04937_PS3_K3A_NIA0324 0.239827901125 500.5 818.1 508.6 826.4 492.4 844.3 484.4 835.9
OBJ04937_PS3_K3A_NIA0324 0.236768558621 735.8 345.7 749.8 354.8 740.4 361.6 726.5 352.4
OBJ04937_PS3_K3A_NIA0324 0.214595690370 703.4 287.4 721.7 308.1 715.4 312.6 697.0 291.9
OBJ04937_PS3_K3A_NIA0324 0.209972798824 470.0 804.9 493.3 812.0 488.6 819.7 465.3 812.6
OBJ04937_PS3_K3A_NIA0324 0.195537790656 354.7 706.3 373.0 722.4 366.4 730.0 348.0 713.9
OBJ04937_PS3_K3A_NIA0324 0.195494025946 672.5 703.7 677.4 705.6 669.9 730.6 665.0 728.7
OBJ04937_PS3_K3A_NIA0324 0.188070356846 588.6 419.0 596.6 426.8 575.8 449.0 567.8 441.2
OBJ04937_PS3_K3A_NIA0324 0.187651336193 523.6 365.6 542.9 388.1 536.7 393.9 517.4 371.5
OBJ04654_PS3_K3A_NIA0309 0.426499456167 738.1 973.4 743.3 979.5 723.8 998.0 718.5 991.9
OBJ04654_PS3_K3A_NIA0309 0.373066991568 749.4 358.0 754.0 363.4 736.9 379.0 732.4 373.6
OBJ04654_PS3_K3A_NIA0309 0.327674537897 1020.5 705.9 1025.5 713.0 1007.7 728.8 1002.7 721.7
OBJ04654_PS3_K3A_NIA0309 0.312666594982 668.5 705.8 673.9 711.2 655.0 728.4 649.6 723.1
OBJ04654_PS3_K3A_NIA0309 0.262492418289 758.7 509.6 776.6 528.4 770.0 533.9 752.1 515.1
OBJ04654_PS3_K3A_NIA0309 0.253812462091 632.2 686.1 647.0 702.2 642.2 706.9 627.4 690.9
OBJ04654_PS3_K3A_NIA0309 0.248249948025 153.1 190.0 166.2 205.6 161.1 209.7 148.0 194.0
OBJ04654_PS3_K3A_NIA0309 0.242886841297 607.1 755.9 612.2 761.7 598.2 775.1 593.1 769.3
OBJ04654_PS3_K3A_NIA0309 0.237194836140 856.3 747.2 863.8 752.0 848.0 771.4 840.6 766.6
OBJ04654_PS3_K3A_NIA0309 0.235384702682 755.3 990.4 760.5 995.2 746.3 1010.0 741.2 1005.2
OBJ04654_PS3_K3A_NIA0309 0.235141813755 764.9 342.0 779.5 360.2 774.6 364.3 760.0 346.0
OBJ04654_PS3_K3A_NIA0309 0.224789783359 771.6 389.7 775.9 394.1 757.0 411.9 752.7 407.6
OBJ04654_PS3_K3A_NIA0309 0.210031196475 178.0 588.4 198.9 613.4 193.0 619.2 172.1 594.2
OBJ04654_PS3_K3A_NIA0309 0.203857541084 530.5 304.9 545.7 319.4 540.3 324.2 525.1 309.6
OBJ04654_PS3_K3A_NIA0309 0.193936422467 985.4 314.7 990.9 319.7 973.5 335.3 968.0 330.3
OBJ04654_PS3_K3A_NIA0309 0.191219449043 766.7 1004.4 774.1 1010.5 760.7 1023.2 753.3 1017.2
OBJ04654_PS3_K3A_NIA0309 0.186866626143 818.1 166.8 836.0 180.8 830.9 187.3 812.9 173.4
OBJ04654_PS3_K3A_NIA0309 0.186754211783 901.8 550.8 916.5 569.0 910.6 575.0 895.8 556.8
OBJ04654_PS3_K3A_NIA0309 0.185209080577 25.5 46.5 40.3 60.9 34.6 66.8 19.8 52.3
OBJ04654_PS3_K3A_NIA0309 0.183734238148 509.0 644.4 513.2 650.3 493.6 667.6 489.4 661.7
OBJ03472_PS3_K3A_NIA0142 0.229608535767 262.1 923.7 269.5 926.8 256.6 939.7 249.2 936.6
OBJ03825_PS3_K3A_NIA0160 0.352248966694 591.1 808.0 591.1 815.5 561.3 815.5 561.3 808.0
OBJ03825_PS3_K3A_NIA0160 0.348019808531 237.8 221.5 237.8 229.6 211.4 229.6 211.4 221.5
OBJ03825_PS3_K3A_NIA0160 0.307482004166 591.5 878.4 591.5 894.2 561.4 894.2 561.4 878.4
OBJ03825_PS3_K3A_NIA0160 0.295740276575 449.9 844.5 474.7 852.1 473.0 859.6 448.1 852.0
OBJ03825_PS3_K3A_NIA0160 0.285282999277 271.8 253.3 271.8 277.8 263.4 277.8 263.4 253.3
OBJ03825_PS3_K3A_NIA0160 0.267459779978 404.9 800.6 404.9 823.0 393.9 823.0 393.9 800.6
OBJ03825_PS3_K3A_NIA0160 0.266307353973 437.9 839.1 437.9 851.4 414.9 851.4 414.9 839.1
OBJ03825_PS3_K3A_NIA0160 0.263398945332 358.5 839.6 358.5 865.5 348.8 865.5 348.8 839.6
OBJ03825_PS3_K3A_NIA0160 0.248851060867 359.5 813.8 359.5 822.9 335.5 822.9 335.5 813.8
OBJ03825_PS3_K3A_NIA0160 0.233545511961 69.5 97.4 77.7 121.7 70.7 125.7 62.5 101.4
OBJ03825_PS3_K3A_NIA0160 0.232518732548 131.1 152.7 149.1 172.4 143.9 177.0 125.8 157.2
OBJ03825_PS3_K3A_NIA0160 0.216498509049 702.7 977.6 723.2 986.4 719.8 994.0 699.3 985.2
OBJ03825_PS3_K3A_NIA0160 0.215129688382 256.4 275.7 256.4 301.1 248.2 301.1 248.2 275.7
OBJ03825_PS3_K3A_NIA0160 0.212379708886 427.4 859.1 427.4 870.7 401.9 870.7 401.9 859.1
OBJ03825_PS3_K3A_NIA0160 0.204478904605 757.0 895.8 757.0 904.0 733.9 904.0 733.9 895.8
OBJ03825_PS3_K3A_NIA0160 0.191293299198 386.0 846.5 386.0 870.4 373.9 870.4 373.9 846.5
OBJ03825_PS3_K3A_NIA0160 0.190037727356 319.7 796.2 339.7 804.7 336.3 811.4 316.3 802.9
OBJ03825_PS3_K3A_NIA0160 0.189585819840 36.6 90.6 36.6 118.4 25.1 118.4 25.1 90.6
OBJ03825_PS3_K3A_NIA0160 0.189043506980 387.5 795.1 387.5 816.4 375.4 816.4 375.4 795.1
OBJ03825_PS3_K3A_NIA0160 0.186449274421 455.0 812.9 455.0 838.6 440.8 838.6 440.8 812.9
OBJ04022_PS3_K3A_NIA0169 0.386104762554 771.3 166.3 791.0 184.9 785.3 190.4 765.6 171.7
OBJ04022_PS3_K3A_NIA0169 0.360744804144 441.4 32.4 441.4 59.3 428.7 59.3 428.7 32.4
OBJ04022_PS3_K3A_NIA0169 0.333316773176 690.2 462.0 690.2 486.7 677.5 486.7 677.5 462.0
OBJ04022_PS3_K3A_NIA0169 0.330980300903 792.3 192.6 812.0 213.1 806.2 218.6 786.4 198.2
OBJ04022_PS3_K3A_NIA0169 0.324646711349 940.6 439.8 946.9 470.0 939.2 471.6 933.0 441.3
OBJ04022_PS3_K3A_NIA0169 0.301852107048 959.5 509.0 959.5 540.3 944.9 540.3 944.9 509.0
OBJ04022_PS3_K3A_NIA0169 0.301111161709 914.7 932.1 914.7 944.3 882.8 944.3 882.8 932.1
OBJ04022_PS3_K3A_NIA0169 0.283637762070 503.4 845.1 503.4 859.8 476.1 859.8 476.1 845.1
OBJ04022_PS3_K3A_NIA0169 0.263187348843 778.0 199.1 799.9 223.0 794.8 226.9 772.9 203.0
OBJ04022_PS3_K3A_NIA0169 0.246263056993 903.5 416.6 903.5 430.9 870.1 430.9 870.1 416.6
OBJ04022_PS3_K3A_NIA0169 0.235958352685 652.2 868.3 657.7 888.8 648.7 891.9 643.3 871.4
OBJ04022_PS3_K3A_NIA0169 0.232066676021 716.7 16.0 719.3 22.6 689.4 31.2 686.7 24.6
OBJ04022_PS3_K3A_NIA0169 0.225906312466 735.0 37.7 737.6 43.0 712.2 49.2 709.6 43.9
OBJ04022_PS3_K3A_NIA0169 0.221955791116 710.6 456.1 710.6 484.8 696.7 484.8 696.7 456.1
OBJ04022_PS3_K3A_NIA0169 0.203272953629 625.4 896.9 633.0 924.9 625.2 927.0 617.6 899.1
OBJ04022_PS3_K3A_NIA0169 0.200006783009 716.5 770.9 716.5 797.0 705.0 797.0 705.0 770.9
OBJ04022_PS3_K3A_NIA0169 0.196324452758 754.6 59.5 754.6 71.7 723.0 71.7 723.0 59.5
OBJ04022_PS3_K3A_NIA0169 0.195317775011 460.9 248.5 468.4 281.5 459.8 283.2 452.2 250.3
OBJ04022_PS3_K3A_NIA0169 0.190359070897 994.0 873.2 994.0 900.8 980.5 900.8 980.5 873.2
OBJ04022_PS3_K3A_NIA0169 0.184804528952 824.0 139.9 824.0 150.9 789.3 150.9 789.3 139.9
OBJ04022_PS3_K3A_NIA0169 0.181684270501 875.2 273.6 906.2 280.0 906.4 287.2 875.5 280.8
OBJ03720_PS3_K3A_NIA0156 0.372455567122 944.7 770.2 972.1 777.8 970.9 786.2 943.4 778.7
OBJ03720_PS3_K3A_NIA0156 0.298788815737 856.1 743.7 880.2 750.7 878.1 758.7 854.0 751.6
OBJ03720_PS3_K3A_NIA0156 0.271402299404 710.8 943.0 718.0 945.1 712.6 967.9 705.4 965.9
OBJ03720_PS3_K3A_NIA0156 0.182546094060 757.9 781.9 766.9 784.3 759.9 812.2 750.8 809.9
OBJ03720_PS3_K3A_NIA0156 0.181929051876 672.8 854.5 696.5 865.4 693.8 874.2 670.1 863.3
OBJ03597_PS3_K3A_NIA0151 0.596215963364 635.9 558.8 641.5 564.9 624.4 579.9 618.8 573.8
OBJ03597_PS3_K3A_NIA0151 0.536321759224 616.0 483.3 622.1 489.3 605.3 507.2 599.2 501.2
OBJ03597_PS3_K3A_NIA0151 0.523990809917 588.1 575.5 595.6 598.5 588.9 599.7 581.4 576.8
OBJ03597_PS3_K3A_NIA0151 0.517954587936 487.0 569.0 494.5 590.2 488.2 593.2 480.7 572.0
OBJ03597_PS3_K3A_NIA0151 0.510596454144 581.4 430.5 581.4 452.8 570.2 452.8 570.2 430.5
OBJ03597_PS3_K3A_NIA0151 0.509166657925 522.5 430.0 528.5 452.3 522.3 454.3 516.3 431.9
OBJ03597_PS3_K3A_NIA0151 0.498612046242 523.1 570.6 529.6 592.6 523.1 594.2 516.6 572.2
OBJ03597_PS3_K3A_NIA0151 0.494359701872 625.2 512.1 629.1 517.1 610.4 532.0 606.5 527.0
OBJ03597_PS3_K3A_NIA0151 0.490091681480 589.7 518.3 589.7 541.8 579.6 541.8 579.6 518.3
OBJ03597_PS3_K3A_NIA0151 0.488003700972 540.9 429.7 547.9 453.6 542.8 454.9 535.7 431.0
OBJ03597_PS3_K3A_NIA0151 0.486953973770 559.7 575.9 566.3 596.5 560.9 598.6 554.3 577.9
OBJ03597_PS3_K3A_NIA0151 0.473879635334 630.6 530.2 635.9 534.8 616.7 553.3 611.5 548.8
OBJ03597_PS3_K3A_NIA0151 0.473079562187 488.8 429.8 496.2 453.0 490.9 455.8 483.5 432.5
OBJ03597_PS3_K3A_NIA0151 0.471924006939 539.9 570.3 548.9 594.4 543.0 597.1 534.0 573.0
OBJ03597_PS3_K3A_NIA0151 0.470841914415 583.9 484.0 583.9 509.5 571.8 509.5 571.8 484.0
OBJ03597_PS3_K3A_NIA0151 0.470337092876 413.7 559.3 413.7 567.9 387.4 567.9 387.4 559.3
OBJ03597_PS3_K3A_NIA0151 0.459142148495 474.0 430.0 481.7 452.9 476.6 455.3 468.8 432.5
OBJ03597_PS3_K3A_NIA0151 0.420960098505 555.2 429.7 562.8 453.2 557.1 455.0 549.6 431.4
OBJ03597_PS3_K3A_NIA0151 0.417653113604 609.4 457.3 615.2 461.6 598.3 479.4 592.5 475.1
OBJ03597_PS3_K3A_NIA0151 0.415884405375 604.1 442.7 610.4 448.5 593.0 465.5 586.7 459.7
OBJ03597_PS3_K3A_NIA0151 0.400219708681 467.6 430.6 467.6 454.2 455.1 454.2 455.1 430.6
OBJ03597_PS3_K3A_NIA0151 0.394165009260 440.3 568.0 447.6 589.2 441.5 592.2 434.2 571.1
OBJ03597_PS3_K3A_NIA0151 0.391063213348 793.4 497.9 801.0 500.3 789.7 523.6 782.0 521.2
OBJ03597_PS3_K3A_NIA0151 0.378653436899 700.0 526.3 720.1 536.3 716.6 542.3 696.4 532.3
OBJ03597_PS3_K3A_NIA0151 0.373449474573 446.1 430.3 453.3 453.5 448.9 455.0 441.6 431.8
OBJ03597_PS3_K3A_NIA0151 0.370916903019 426.4 430.9 433.8 452.5 428.7 454.6 421.3 433.1
OBJ03597_PS3_K3A_NIA0151 0.370138227940 249.5 128.9 272.8 139.2 269.8 146.4 246.5 136.1
OBJ03597_PS3_K3A_NIA0151 0.364038199186 378.6 498.8 390.4 518.1 384.4 521.7 372.6 502.4
OBJ03597_PS3_K3A_NIA0151 0.323795825243 736.7 491.8 759.1 502.7 755.7 509.5 733.3 498.6
OBJ03597_PS3_K3A_NIA0151 0.315487623215 412.6 429.9 419.6 454.6 414.5 456.1 407.5 431.3
OBJ03597_PS3_K3A_NIA0151 0.284265995026 507.1 300.9 507.1 325.5 497.9 325.5 497.9 300.9
OBJ03597_PS3_K3A_NIA0151 0.264197677374 290.7 99.5 298.1 103.7 286.2 128.2 278.8 124.0
OBJ03597_PS3_K3A_NIA0151 0.251373440027 394.4 428.1 400.7 454.7 394.2 456.5 387.8 429.9
OBJ03597_PS3_K3A_NIA0151 0.250545531511 644.9 586.3 644.9 603.9 627.4 603.9 627.4 586.3
OBJ03597_PS3_K3A_NIA0151 0.247970879078 674.0 683.8 674.0 710.0 664.0 710.0 664.0 683.8
OBJ03597_PS3_K3A_NIA0151 0.219452112913 460.5 468.6 460.5 480.6 433.3 480.6 433.3 468.6
OBJ03597_PS3_K3A_NIA0151 0.204041421413 308.9 301.4 308.9 325.7 298.9 325.7 298.9 301.4
OBJ03597_PS3_K3A_NIA0151 0.194269984961 856.4 490.0 856.4 502.9 835.1 502.9 835.1 490.0
OBJ03597_PS3_K3A_NIA0151 0.191601231694 556.4 546.8 556.4 563.1 542.7 563.1 542.7 546.8
OBJ04333_PS3_K3A_NIA0281 0.337339341640 607.7 527.4 617.4 552.7 610.6 555.5 600.9 530.2
OBJ04333_PS3_K3A_NIA0281 0.303133934736 520.6 566.1 532.6 595.7 524.4 599.1 512.4 569.5
OBJ04333_PS3_K3A_NIA0281 0.298221439123 534.8 559.1 546.0 586.9 538.1 589.8 526.9 561.9
OBJ04333_PS3_K3A_NIA0281 0.291285991669 539.5 472.4 551.0 499.3 543.5 502.5 532.0 475.6
OBJ04333_PS3_K3A_NIA0281 0.286956310272 595.3 444.8 605.6 472.3 597.6 475.7 587.3 448.2
OBJ04333_PS3_K3A_NIA0281 0.271672904491 587.7 533.3 598.8 562.0 592.2 565.6 581.1 536.9
OBJ04333_PS3_K3A_NIA0281 0.270623654127 560.8 464.2 572.9 492.2 565.5 495.2 553.4 467.3
OBJ04333_PS3_K3A_NIA0281 0.230301588774 683.6 546.7 688.2 551.4 659.5 566.4 654.9 561.7
OBJ04333_PS3_K3A_NIA0281 0.215981155634 616.6 436.8 627.3 464.7 619.1 468.4 608.3 440.5
OBJ04333_PS3_K3A_NIA0281 0.193659275770 575.5 455.1 585.8 479.3 578.3 483.2 568.0 459.1
OBJ03801_PS3_K3A_NIA0159 0.438024312258 109.6 138.7 115.5 143.5 101.1 162.3 95.1 157.5
OBJ03801_PS3_K3A_NIA0159 0.290876805782 9.0 369.4 37.3 378.4 35.3 387.4 7.1 378.5
OBJ03801_PS3_K3A_NIA0159 0.234815865755 145.4 405.5 170.9 414.8 169.7 422.2 144.2 412.8
OBJ03801_PS3_K3A_NIA0159 0.232812821865 58.0 22.0 58.0 50.9 46.5 50.9 46.5 22.0
OBJ03801_PS3_K3A_NIA0159 0.194088086486 109.7 599.5 122.3 617.0 114.2 622.4 101.5 604.9
OBJ03801_PS3_K3A_NIA0159 0.187885493040 79.5 604.8 83.6 612.5 61.6 627.6 57.6 620.0
OBJ05102_PS3_K3A_NIA0333 0.278926789761 99.1 341.0 105.0 346.8 85.8 366.4 80.0 360.7
OBJ05102_PS3_K3A_NIA0333 0.211309045553 342.2 745.6 370.7 762.9 364.9 772.3 336.4 755.0
OBJ05102_PS3_K3A_NIA0333 0.203571811318 460.6 230.6 463.9 236.8 436.8 250.5 433.5 244.4
OBJ05102_PS3_K3A_NIA0333 0.200608566403 971.0 709.8 975.5 718.2 950.2 728.5 945.6 720.2
OBJ05102_PS3_K3A_NIA0333 0.199962660670 110.4 352.5 118.2 360.1 100.4 382.0 92.6 374.4
OBJ05102_PS3_K3A_NIA0333 0.185787707567 797.6 549.9 818.4 567.4 814.3 574.5 793.6 557.0
OBJ05102_PS3_K3A_NIA0333 0.184523254633 489.7 222.1 493.3 230.7 462.3 240.2 458.7 231.7
OBJ05308_PS3_K3A_NIA0344 0.450471580029 240.7 717.6 246.0 742.1 236.4 743.7 231.2 719.2
OBJ05308_PS3_K3A_NIA0344 0.438392728567 212.7 779.3 222.7 805.6 216.1 808.1 206.1 781.9
OBJ05308_PS3_K3A_NIA0344 0.433035701513 140.8 814.1 144.8 820.8 122.3 835.3 118.3 828.6
OBJ05308_PS3_K3A_NIA0344 0.426844954491 960.5 63.7 971.7 90.8 964.0 92.8 952.8 65.6
OBJ05308_PS3_K3A_NIA0344 0.423397213221 227.5 778.8 234.8 801.7 227.2 804.6 219.8 781.7
OBJ05308_PS3_K3A_NIA0344 0.421868503094 300.8 873.6 307.9 896.7 301.3 899.0 294.3 875.8
OBJ05308_PS3_K3A_NIA0344 0.405678391457 225.2 751.4 225.2 775.6 216.8 775.6 216.8 751.4
OBJ05308_PS3_K3A_NIA0344 0.393638283014 108.5 907.6 111.3 914.6 86.1 927.8 83.3 920.8
OBJ05308_PS3_K3A_NIA0344 0.373158395290 271.3 758.1 271.3 784.4 257.2 784.4 257.2 758.1
OBJ05308_PS3_K3A_NIA0344 0.362778782845 150.2 830.8 154.2 836.8 126.4 856.1 122.3 850.1
OBJ05308_PS3_K3A_NIA0344 0.331403940916 85.2 815.6 88.5 820.2 70.5 833.4 67.2 828.8
OBJ05308_PS3_K3A_NIA0344 0.330465912819 431.5 127.3 438.3 148.6 433.3 150.0 426.5 128.7
OBJ05308_PS3_K3A_NIA0344 0.307224929333 467.7 391.1 474.6 411.7 468.8 412.6 461.9 391.9
OBJ05308_PS3_K3A_NIA0344 0.302870035172 420.4 132.4 428.2 151.3 422.1 154.4 414.3 135.5
OBJ05308_PS3_K3A_NIA0344 0.302260279655 386.6 104.2 393.5 126.9 386.8 128.8 379.8 106.1
OBJ05308_PS3_K3A_NIA0344 0.302136570215 365.4 429.1 373.1 449.1 368.4 451.5 360.7 431.6
OBJ05308_PS3_K3A_NIA0344 0.301198869944 251.6 765.8 259.2 785.5 251.7 787.9 244.1 768.1
OBJ05308_PS3_K3A_NIA0344 0.299799263477 210.9 744.1 210.9 773.0 197.5 773.0 197.5 744.1
OBJ05308_PS3_K3A_NIA0344 0.288132399321 123.9 794.7 127.3 799.4 109.4 813.1 106.0 808.3
OBJ05308_PS3_K3A_NIA0344 0.287569880486 245.7 746.2 245.7 770.0 232.5 770.0 232.5 746.2
OBJ05308_PS3_K3A_NIA0344 0.283199578524 434.3 403.0 441.7 423.3 436.5 425.3 429.1 405.0
OBJ05308_PS3_K3A_NIA0344 0.282777726650 399.9 99.8 405.7 120.7 398.7 123.5 392.9 102.6
OBJ05308_PS3_K3A_NIA0344 0.273376077414 360.1 988.4 366.4 1006.2 359.5 1009.4 353.2 991.6
OBJ05308_PS3_K3A_NIA0344 0.271152913570 68.6 868.9 74.0 874.8 57.9 890.1 52.4 884.2
OBJ05308_PS3_K3A_NIA0344 0.265060156584 453.6 396.1 461.2 416.5 455.2 418.6 447.6 398.2
OBJ05308_PS3_K3A_NIA0344 0.262786597013 151.4 748.0 155.1 753.8 137.5 767.3 133.7 761.5
OBJ05308_PS3_K3A_NIA0344 0.257394969463 266.2 738.7 266.2 761.1 253.1 761.1 253.1 738.7
OBJ05308_PS3_K3A_NIA0344 0.244166672230 849.6 94.7 853.5 101.8 829.7 111.9 825.8 104.8
OBJ05308_PS3_K3A_NIA0344 0.241080269217 196.9 718.3 207.9 741.1 199.9 744.8 188.9 721.9
OBJ05308_PS3_K3A_NIA0344 0.236845731735 311.3 902.6 318.5 930.2 311.2 932.2 304.0 904.7
OBJ05308_PS3_K3A_NIA0344 0.236056298018 377.5 423.8 386.2 443.9 381.4 446.1 372.8 426.1
OBJ05308_PS3_K3A_NIA0344 0.236034885049 91.7 863.1 91.7 883.8 78.7 883.8 78.7 863.1
OBJ05308_PS3_K3A_NIA0344 0.231675252318 109.9 828.5 121.7 838.6 111.5 848.2 99.7 838.0
OBJ05308_PS3_K3A_NIA0344 0.230478808284 29.3 916.6 33.8 924.5 15.3 937.7 10.8 929.8
OBJ05308_PS3_K3A_NIA0344 0.226854860783 167.2 849.2 172.2 864.2 163.8 868.5 158.8 853.5
OBJ05308_PS3_K3A_NIA0344 0.221671774983 109.5 793.0 113.0 798.3 87.4 816.9 83.9 811.6
OBJ05308_PS3_K3A_NIA0344 0.209520846605 163.9 875.1 163.9 895.4 153.1 895.4 153.1 875.1
OBJ05308_PS3_K3A_NIA0344 0.205571904778 171.1 772.0 171.1 798.1 156.8 798.1 156.8 772.0
OBJ05308_PS3_K3A_NIA0344 0.204761520028 413.3 410.9 421.3 430.5 416.3 432.0 408.3 412.4
OBJ05308_PS3_K3A_NIA0344 0.204634100199 345.9 438.3 354.5 456.8 347.9 459.7 339.3 441.2
OBJ05308_PS3_K3A_NIA0344 0.192070528865 398.1 417.0 406.4 435.3 401.9 437.7 393.5 419.4
OBJ03518_PS3_K3A_NIA0146 0.273318558931 189.8 625.3 189.8 632.8 165.6 632.8 165.6 625.3
OBJ03518_PS3_K3A_NIA0146 0.190035164356 695.9 953.0 695.9 963.9 671.1 963.9 671.1 953.0
OBJ04119_PS3_K3A_NIA0175 0.395017117262 526.6 444.6 526.6 451.0 500.7 451.0 500.7 444.6
OBJ04119_PS3_K3A_NIA0175 0.191577523947 559.7 457.4 559.7 465.1 523.5 465.1 523.5 457.4
OBJ04119_PS3_K3A_NIA0175 0.190748795867 521.3 402.3 521.3 414.1 497.8 414.1 497.8 402.3
OBJ04119_PS3_K3A_NIA0175 0.186446249485 565.4 430.8 565.4 439.9 535.2 439.9 535.2 430.8
OBJ05029_PS3_K3A_NIA0329 0.333537131548 808.1 619.1 808.1 628.6 785.5 628.6 785.5 619.1
OBJ05029_PS3_K3A_NIA0329 0.255992203951 865.7 624.3 865.7 636.6 836.1 636.6 836.1 624.3
OBJ05029_PS3_K3A_NIA0329 0.195384323597 83.9 797.7 106.1 819.0 99.4 825.8 77.2 804.5
OBJ04569_PS3_K3A_NIA0301 0.511973142624 938.5 207.7 938.5 231.3 928.7 231.3 928.7 207.7
OBJ04569_PS3_K3A_NIA0301 0.476426541805 918.2 201.0 918.2 225.8 907.7 225.8 907.7 201.0
OBJ04569_PS3_K3A_NIA0301 0.452196508646 892.0 213.8 898.5 235.4 892.5 238.6 886.1 217.0
OBJ04569_PS3_K3A_NIA0301 0.415743172169 897.6 271.9 900.7 279.5 875.2 287.6 872.1 280.0
OBJ04569_PS3_K3A_NIA0301 0.405117511749 896.1 251.4 898.4 259.5 872.9 268.7 870.7 260.6
OBJ04569_PS3_K3A_NIA0301 0.401635080576 817.4 268.9 817.4 277.1 792.6 277.1 792.6 268.9
OBJ04569_PS3_K3A_NIA0301 0.363414853811 857.1 278.3 857.1 307.6 846.7 307.6 846.7 278.3
OBJ04569_PS3_K3A_NIA0301 0.357981473207 899.6 193.4 899.6 217.4 887.6 217.4 887.6 193.4
OBJ04569_PS3_K3A_NIA0301 0.346893668175 817.5 249.0 817.5 254.4 791.8 254.4 791.8 249.0
OBJ04569_PS3_K3A_NIA0301 0.338365167379 815.8 234.3 815.8 243.0 792.9 243.0 792.9 234.3
OBJ04569_PS3_K3A_NIA0301 0.328439533710 822.5 299.2 822.5 324.8 814.7 324.8 814.7 299.2
OBJ04569_PS3_K3A_NIA0301 0.326723426580 836.2 273.3 836.2 299.4 829.1 299.4 829.1 273.3
OBJ04569_PS3_K3A_NIA0301 0.318933904171 650.4 744.0 653.7 752.4 625.3 759.8 621.9 751.3
OBJ04569_PS3_K3A_NIA0301 0.308191329241 886.2 484.1 891.0 488.9 875.1 506.7 870.3 501.8
OBJ04569_PS3_K3A_NIA0301 0.296860516071 342.2 390.2 347.1 395.4 333.6 410.7 328.8 405.5
OBJ04569_PS3_K3A_NIA0301 0.294954717159 810.9 283.1 810.9 302.8 798.5 302.8 798.5 283.1
OBJ04569_PS3_K3A_NIA0301 0.293392509222 563.7 55.1 588.7 63.6 587.2 71.6 562.2 63.1
OBJ04569_PS3_K3A_NIA0301 0.280289530754 939.7 248.3 939.7 270.8 924.6 270.8 924.6 248.3
OBJ04569_PS3_K3A_NIA0301 0.276463776827 835.3 294.9 835.3 319.8 827.4 319.8 827.4 294.9
OBJ04569_PS3_K3A_NIA0301 0.271376401186 967.7 267.8 967.7 294.2 954.4 294.2 954.4 267.8
OBJ04569_PS3_K3A_NIA0301 0.263455897570 584.1 410.1 612.5 427.8 607.5 435.7 579.1 418.0
OBJ04569_PS3_K3A_NIA0301 0.259081631899 573.4 422.4 598.6 439.3 593.9 444.9 568.8 428.0
OBJ04569_PS3_K3A_NIA0301 0.251089185476 831.2 482.9 836.8 489.7 820.7 507.2 815.1 500.5
OBJ04569_PS3_K3A_NIA0301 0.249664396048 973.4 213.1 973.4 240.0 958.0 240.0 958.0 213.1
OBJ04569_PS3_K3A_NIA0301 0.248634979129 508.3 100.7 538.3 107.5 536.9 117.8 507.0 111.0
OBJ04569_PS3_K3A_NIA0301 0.248089417815 939.1 445.7 967.2 453.0 965.5 461.5 937.4 454.2
OBJ04569_PS3_K3A_NIA0301 0.245876163244 641.4 489.4 661.2 507.4 657.3 512.8 637.5 494.8
OBJ04569_PS3_K3A_NIA0301 0.241959273815 924.4 686.2 944.1 704.0 939.6 709.2 919.9 691.4
OBJ04569_PS3_K3A_NIA0301 0.233767703176 861.9 570.5 868.5 574.9 854.1 595.9 847.5 591.4
OBJ04569_PS3_K3A_NIA0301 0.231167748570 230.6 141.3 237.3 145.7 224.4 163.5 217.7 159.2
OBJ04569_PS3_K3A_NIA0301 0.212404489517 172.9 300.5 198.7 318.2 194.8 323.9 169.0 306.3
OBJ04569_PS3_K3A_NIA0301 0.210259899497 621.4 516.4 643.1 532.1 638.9 539.4 617.1 523.6
OBJ04569_PS3_K3A_NIA0301 0.203131154180 910.2 284.3 915.0 292.4 889.9 303.1 885.1 294.9
OBJ04569_PS3_K3A_NIA0301 0.196328058839 696.8 978.2 728.3 1001.2 723.3 1010.1 691.7 987.1
OBJ04569_PS3_K3A_NIA0301 0.193598315120 757.2 313.0 765.1 350.7 757.0 353.4 749.1 315.8
OBJ04569_PS3_K3A_NIA0301 0.185565561056 777.5 248.2 777.5 271.5 769.0 271.5 769.0 248.2
OBJ04569_PS3_K3A_NIA0301 0.183200970292 929.9 282.6 929.9 303.4 909.2 303.4 909.2 282.6
OBJ04450_PS3_K3A_NIA0292 0.254439830780 82.3 554.7 108.9 574.8 103.1 580.6 76.4 560.5
OBJ04450_PS3_K3A_NIA0292 0.207930579782 356.2 795.6 359.7 800.4 335.3 815.0 331.8 810.2
OBJ03619_PS3_K3A_NIA0151 0.425893723965 238.9 857.7 248.0 881.5 240.8 884.1 231.8 860.3
OBJ03619_PS3_K3A_NIA0151 0.391599059105 222.0 863.6 234.2 888.2 227.1 892.0 214.8 867.4
OBJ03619_PS3_K3A_NIA0151 0.352184683084 280.5 897.9 282.7 903.4 260.9 912.2 258.6 906.7
OBJ03619_PS3_K3A_NIA0151 0.268723398447 236.1 828.5 238.6 834.9 215.4 848.9 212.9 842.5
OBJ03619_PS3_K3A_NIA0151 0.253758519888 291.5 830.7 303.1 853.4 295.1 857.3 283.5 834.6
OBJ03619_PS3_K3A_NIA0151 0.233252316713 532.4 152.3 543.8 176.4 535.0 181.0 523.5 156.9
OBJ03619_PS3_K3A_NIA0151 0.198086842895 103.3 468.9 114.9 491.2 106.5 494.8 94.9 472.5
OBJ03619_PS3_K3A_NIA0151 0.186764776707 672.3 793.6 672.8 798.0 643.6 817.3 643.0 812.9
OBJ03619_PS3_K3A_NIA0151 0.181380704045 967.9 744.0 981.5 763.5 974.7 767.3 961.1 747.8
OBJ03781_PS3_K3A_NIA0158 0.493109792471 278.0 728.9 296.3 745.8 292.0 750.7 273.6 733.8
OBJ03781_PS3_K3A_NIA0158 0.312638401985 293.3 720.5 308.2 735.9 303.5 741.6 288.6 726.2
OBJ03781_PS3_K3A_NIA0158 0.277591586113 535.5 391.8 554.8 403.9 551.0 410.6 531.6 398.5
OBJ03781_PS3_K3A_NIA0158 0.240987807512 980.9 53.0 986.3 59.7 966.5 74.0 961.2 67.3
OBJ03781_PS3_K3A_NIA0158 0.235517963767 359.5 490.3 367.0 494.9 351.6 514.6 344.2 510.0
OBJ03781_PS3_K3A_NIA0158 0.221008881927 814.3 471.8 840.7 484.5 837.9 494.0 811.5 481.3
OBJ03781_PS3_K3A_NIA0158 0.218357205391 627.1 332.5 649.2 342.0 646.1 349.2 623.9 339.7
OBJ03781_PS3_K3A_NIA0158 0.207703426480 95.0 498.4 101.6 504.0 87.7 518.6 81.0 513.0
OBJ03781_PS3_K3A_NIA0158 0.189428865910 333.8 464.8 353.6 476.6 348.5 482.9 328.7 471.0
OBJ00949_PS3_K3_NIA0089 0.268115401268 696.3 75.8 721.5 97.4 715.4 103.3 690.2 81.8
OBJ04632_PS3_K3A_NIA0304 0.346100717783 534.3 511.7 534.3 521.4 510.6 521.4 510.6 511.7
OBJ04632_PS3_K3A_NIA0304 0.219507649541 577.2 503.1 577.2 515.8 551.1 515.8 551.1 503.1
OBJ04632_PS3_K3A_NIA0304 0.199837610126 233.1 447.5 233.1 458.8 204.5 458.8 204.5 447.5
OBJ04632_PS3_K3A_NIA0304 0.199512854218 956.7 29.0 956.7 45.1 935.6 45.1 935.6 29.0
OBJ04659_PS3_K3A_NIA0309 0.249766603112 551.6 447.6 576.8 455.0 575.0 462.9 549.9 455.5
OBJ04659_PS3_K3A_NIA0309 0.184619277716 337.2 216.6 337.2 246.5 328.2 246.5 328.2 216.6
OBJ03649_PS3_K3A_NIA0153 0.546243071556 833.8 515.4 851.4 533.4 846.8 537.2 829.2 519.2
OBJ03649_PS3_K3A_NIA0153 0.530431985855 948.0 342.5 954.6 344.8 946.3 367.4 939.7 365.1
OBJ03649_PS3_K3A_NIA0153 0.466409862041 1001.4 225.0 1008.9 228.0 997.1 251.5 989.6 248.5
OBJ03649_PS3_K3A_NIA0153 0.457487642765 702.8 591.2 702.8 615.0 691.2 615.0 691.2 591.2
OBJ03649_PS3_K3A_NIA0153 0.453604906797 330.4 334.4 337.5 339.2 324.6 360.3 317.5 355.5
OBJ03649_PS3_K3A_NIA0153 0.433461993933 215.1 242.1 220.7 246.7 206.2 263.6 200.7 258.9
OBJ03649_PS3_K3A_NIA0153 0.429560720921 828.7 480.9 833.3 485.8 812.7 500.2 808.1 495.3
OBJ03649_PS3_K3A_NIA0153 0.419203221798 994.4 861.2 994.4 871.7 967.6 871.7 967.6 861.2
OBJ03649_PS3_K3A_NIA0153 0.413331210613 521.1 397.0 543.9 410.6 540.6 417.1 517.8 403.4
OBJ03649_PS3_K3A_NIA0153 0.407958686352 347.7 380.2 372.7 385.6 371.0 393.6 346.0 388.3
OBJ03649_PS3_K3A_NIA0153 0.398925840855 986.4 819.0 986.4 829.7 960.1 829.7 960.1 819.0
OBJ03649_PS3_K3A_NIA0153 0.398518919945 309.2 367.6 316.8 372.4 301.9 392.0 294.3 387.1
OBJ03649_PS3_K3A_NIA0153 0.386552989483 660.0 472.2 684.4 485.0 681.7 491.0 657.3 478.2
OBJ03649_PS3_K3A_NIA0153 0.367273598909 684.1 988.2 698.6 1006.3 693.0 1011.5 678.4 993.5
OBJ03649_PS3_K3A_NIA0153 0.360598713160 913.6 988.2 913.6 1000.2 888.7 1000.2 888.7 988.2
OBJ03649_PS3_K3A_NIA0153 0.354056954384 892.6 596.8 911.2 615.7 906.7 619.9 888.1 601.0
OBJ03649_PS3_K3A_NIA0153 0.350039362907 928.3 962.0 931.1 970.0 909.0 976.0 906.2 967.9
OBJ03649_PS3_K3A_NIA0153 0.349601805210 984.7 975.9 984.7 987.5 962.8 987.5 962.8 975.9
OBJ03649_PS3_K3A_NIA0153 0.344888061285 503.5 497.6 518.6 515.7 513.2 520.0 498.2 501.9
OBJ03649_PS3_K3A_NIA0153 0.333240300417 988.3 994.2 988.3 1004.1 962.8 1004.1 962.8 994.2
OBJ03649_PS3_K3A_NIA0153 0.324666619301 1017.5 966.9 1017.5 978.7 994.6 978.7 994.6 966.9
OBJ03649_PS3_K3A_NIA0153 0.323740631342 330.2 716.4 344.6 737.2 337.5 742.1 323.1 721.3
OBJ03649_PS3_K3A_NIA0153 0.323267638683 682.9 545.5 699.4 566.9 695.5 569.4 679.1 548.0
OBJ03649_PS3_K3A_NIA0153 0.322784900665 964.0 872.5 965.5 879.5 940.7 885.7 939.2 878.7
OBJ03649_PS3_K3A_NIA0153 0.322627961636 1021.2 780.4 1021.2 791.6 996.2 791.6 996.2 780.4
OBJ03649_PS3_K3A_NIA0153 0.319208413363 1019.8 981.1 1019.8 992.0 996.1 992.0 996.1 981.1
OBJ03649_PS3_K3A_NIA0153 0.314745724201 381.7 368.0 381.7 380.2 353.1 380.2 353.1 368.0
OBJ03649_PS3_K3A_NIA0153 0.306742131710 915.1 863.1 917.7 868.5 894.3 879.7 891.6 874.3
OBJ03649_PS3_K3A_NIA0153 0.305077791214 516.0 638.0 521.4 643.9 502.0 662.9 496.6 657.0
OBJ03649_PS3_K3A_NIA0153 0.299241781235 993.9 1008.4 993.9 1018.1 966.4 1018.1 966.4 1008.4
OBJ03649_PS3_K3A_NIA0153 0.298077404499 640.0 78.8 646.3 82.2 636.7 105.2 630.3 101.8
OBJ03649_PS3_K3A_NIA0153 0.297321200371 501.3 624.4 506.7 629.6 489.6 649.1 484.1 643.9
OBJ03649_PS3_K3A_NIA0153 0.290860772133 1022.5 994.7 1022.5 1006.0 1000.3 1006.0 1000.3 994.7
OBJ03649_PS3_K3A_NIA0153 0.289985269308 1005.2 911.9 1005.2 925.4 978.5 925.4 978.5 911.9
OBJ03649_PS3_K3A_NIA0153 0.284370183945 712.3 534.1 718.9 539.2 705.3 559.5 698.8 554.4
OBJ03649_PS3_K3A_NIA0153 0.277328997850 878.8 568.0 896.6 593.3 891.3 597.3 873.5 572.1
OBJ03649_PS3_K3A_NIA0153 0.277320533991 550.3 629.5 554.8 634.7 535.9 652.5 531.4 647.4
OBJ03649_PS3_K3A_NIA0153 0.277299791574 482.7 517.7 500.4 535.3 495.7 539.7 478.0 522.2
OBJ03649_PS3_K3A_NIA0153 0.275148302317 831.0 872.3 831.0 902.4 818.7 902.4 818.7 872.3
OBJ03649_PS3_K3A_NIA0153 0.273139715195 957.9 296.3 963.0 299.9 952.3 318.2 947.2 314.6
OBJ03649_PS3_K3A_NIA0153 0.255598098040 487.7 610.5 492.7 616.1 475.0 634.6 470.0 629.0
OBJ03649_PS3_K3A_NIA0153 0.252907991409 198.3 272.9 209.1 297.3 203.2 300.6 192.4 276.2
OBJ03649_PS3_K3A_NIA0153 0.249885052443 454.3 544.8 471.5 560.2 466.7 564.6 449.5 549.2
OBJ03649_PS3_K3A_NIA0153 0.244119152427 951.3 1007.5 951.3 1018.8 926.9 1018.8 926.9 1007.5
OBJ03649_PS3_K3A_NIA0153 0.241047382355 468.5 530.8 483.7 548.2 479.3 552.2 464.1 534.8
OBJ03649_PS3_K3A_NIA0153 0.230674624443 568.5 967.8 584.3 986.7 579.3 991.5 563.5 972.6
OBJ03649_PS3_K3A_NIA0153 0.226305663586 273.3 197.6 279.5 198.4 263.3 229.1 257.1 228.3
OBJ03649_PS3_K3A_NIA0153 0.221126154065 46.2 86.4 62.2 99.1 56.6 106.4 40.6 93.8
OBJ03649_PS3_K3A_NIA0153 0.220917433500 246.6 186.4 251.2 189.7 236.2 212.2 231.7 208.9
OBJ03649_PS3_K3A_NIA0153 0.220506384969 626.3 505.6 642.6 526.2 636.9 530.5 620.6 509.9
OBJ03649_PS3_K3A_NIA0153 0.216507405043 1008.5 184.0 1015.2 186.8 1004.1 213.2 997.4 210.3
OBJ03649_PS3_K3A_NIA0153 0.215204373002 1022.8 805.2 1022.8 815.3 1000.9 815.3 1000.9 805.2
OBJ03649_PS3_K3A_NIA0153 0.213669776917 377.4 524.7 390.9 538.8 384.9 543.7 371.5 529.6
OBJ03649_PS3_K3A_NIA0153 0.212964132428 1024.1 819.1 1024.1 830.7 1004.4 830.7 1004.4 819.1
OBJ03649_PS3_K3A_NIA0153 0.211611613631 958.1 844.0 958.1 856.1 931.1 856.1 931.1 844.0
OBJ03649_PS3_K3A_NIA0153 0.207691043615 339.9 431.0 339.9 440.1 314.9 440.1 314.9 431.0
OBJ03649_PS3_K3A_NIA0153 0.205059885979 350.0 495.5 366.9 516.6 361.6 521.4 344.7 500.3
OBJ03649_PS3_K3A_NIA0153 0.203041747212 933.3 929.7 933.3 939.7 907.6 939.7 907.6 929.7
OBJ03649_PS3_K3A_NIA0153 0.198910966516 830.7 398.6 852.7 409.5 849.1 415.4 827.2 404.5
OBJ03649_PS3_K3A_NIA0153 0.193220525980 490.0 584.9 506.1 599.7 501.5 604.6 485.4 589.8
OBJ03649_PS3_K3A_NIA0153 0.192125990987 474.2 565.8 492.5 582.7 487.7 587.0 469.5 570.1
OBJ03649_PS3_K3A_NIA0153 0.191639915109 914.6 1006.0 914.6 1019.6 889.3 1019.6 889.3 1006.0
OBJ03649_PS3_K3A_NIA0153 0.188817784190 943.9 660.8 961.4 670.9 958.0 679.5 940.6 669.4
OBJ03649_PS3_K3A_NIA0153 0.186398625374 530.7 547.7 555.7 572.1 551.5 576.7 526.6 552.4
OBJ03649_PS3_K3A_NIA0153 0.181642144918 427.0 566.4 446.3 585.3 441.4 589.7 422.0 570.8
OBJ03649_PS3_K3A_NIA0153 0.180061742663 968.7 58.5 991.7 64.0 990.0 71.5 967.0 66.0
OBJ05430_PS3_K3A_NIA0350 0.321670860052 249.1 874.5 255.5 879.7 242.7 897.2 236.3 892.0
OBJ05170_PS3_K3A_NIA0338 0.391121357679 46.3 894.6 52.0 917.7 44.3 918.9 38.6 895.8
OBJ05170_PS3_K3A_NIA0338 0.339780539274 828.6 333.1 828.6 359.4 819.5 359.4 819.5 333.1
OBJ05170_PS3_K3A_NIA0338 0.259236842394 714.4 515.4 714.4 544.7 702.8 544.7 702.8 515.4
OBJ05170_PS3_K3A_NIA0338 0.209783464670 696.3 508.5 696.3 534.1 683.7 534.1 683.7 508.5
OBJ05170_PS3_K3A_NIA0338 0.195069938898 736.1 857.8 736.1 885.6 724.4 885.6 724.4 857.8
OBJ05170_PS3_K3A_NIA0338 0.184476017952 938.6 116.5 938.6 144.3 926.1 144.3 926.1 116.5
OBJ05758_PS3_K3A_NIA0365 0.313316851854 210.8 972.8 231.6 984.4 229.5 990.6 208.7 979.0
OBJ05758_PS3_K3A_NIA0365 0.256704390049 855.3 349.8 855.3 384.6 845.1 384.6 845.1 349.8
OBJ05758_PS3_K3A_NIA0365 0.251797705889 215.9 698.3 215.9 707.8 191.1 707.8 191.1 698.3
OBJ05758_PS3_K3A_NIA0365 0.245250821114 586.2 455.1 586.2 484.8 575.1 484.8 575.1 455.1
OBJ05758_PS3_K3A_NIA0365 0.195398271084 279.0 939.4 279.0 950.8 255.1 950.8 255.1 939.4
OBJ05758_PS3_K3A_NIA0365 0.183271542192 376.1 912.8 376.1 922.6 349.3 922.6 349.3 912.8
OBJ05476_PS3_K3A_NIA0166 0.255323052406 151.1 925.5 167.3 951.7 162.0 954.9 145.9 928.7
OBJ05476_PS3_K3A_NIA0166 0.200785040855 140.4 937.5 156.6 964.0 150.2 968.1 134.0 941.6
OBJ05476_PS3_K3A_NIA0166 0.193931445479 169.1 866.5 181.5 885.8 174.3 889.9 161.9 870.6
OBJ03702_PS3_K3A_NIA0155 0.273789465427 878.6 422.4 883.9 428.5 866.7 445.3 861.4 439.3
OBJ03702_PS3_K3A_NIA0155 0.232294842601 188.6 949.9 194.5 956.3 181.1 968.7 175.2 962.3
OBJ03702_PS3_K3A_NIA0155 0.189846098423 981.1 131.1 998.7 149.9 991.5 157.2 973.9 138.4
OBJ03702_PS3_K3A_NIA0155 0.184309735894 572.1 361.2 576.0 365.5 557.5 385.8 553.6 381.4
