OBJ03791_PS3_K3A_NIA0158 0.658499836922 412.0 334.4 851.0 426.4 767.3 817.3 328.3 725.3
OBJ03791_PS3_K3A_NIA0158 0.424705743790 196.5 299.6 456.4 377.0 389.4 609.3 129.5 531.9
OBJ03991_PS3_K3A_NIA0166 0.613852083683 749.6 334.1 749.6 723.8 349.0 723.8 349.0 334.1
OBJ03991_PS3_K3A_NIA0166 0.532273769379 622.4 193.0 622.4 325.3 407.7 325.3 407.7 193.0
OBJ03991_PS3_K3A_NIA0166 0.221795022488 244.2 21.5 244.2 134.0 126.4 134.0 126.4 21.5
OBJ05644_PS3_K3A_NIA0359 0.809174299240 484.6 281.8 704.7 380.5 547.0 735.5 327.0 636.7
OBJ05358_PS3_K3A_NIA0346 0.223811045289 393.6 470.0 622.3 623.2 461.8 856.7 233.1 703.5
OBJ05544_PS3_K3A_NIA0354 0.504985809326 494.7 300.2 758.8 501.5 576.5 730.8 312.4 529.6
OBJ05342_PS3_K3A_NIA0345 0.238526880741 608.0 172.0 639.8 343.6 477.8 374.2 445.9 202.7
OBJ05102_PS3_K3A_NIA0333 0.563217222691 487.0 164.1 871.6 449.2 544.0 867.3 159.5 582.1
OBJ05170_PS3_K3A_NIA0338 0.457501590252 478.7 292.5 724.8 475.3 538.3 724.7 292.2 541.9
OBJ04106_PS3_K3A_NIA0174 0.862529039383 756.9 310.8 756.9 720.3 423.0 720.3 423.0 310.8
OBJ04106_PS3_K3A_NIA0174 0.690895676613 891.7 148.0 891.7 356.8 746.4 356.8 746.4 148.0
