OBJ01735_PS3_K3_NIA0104 0.575629770756 558.8 427.3 583.0 541.2 553.2 547.8 529.0 433.8
OBJ01735_PS3_K3_NIA0104 0.534985184669 475.9 461.0 492.6 578.7 460.1 582.9 443.4 465.3
OBJ01735_PS3_K3_NIA0104 0.472636401653 209.8 220.8 267.8 306.4 243.6 325.1 185.7 239.5
OBJ01735_PS3_K3_NIA0104 0.366335183382 257.5 167.3 291.7 217.7 275.5 229.1 241.3 178.7
OBJ01735_PS3_K3_NIA0104 0.345938265324 507.9 418.8 532.6 579.8 496.7 584.8 472.0 423.8
OBJ01735_PS3_K3_NIA0104 0.212939828634 226.0 185.1 267.9 222.0 255.1 237.4 213.2 200.5
OBJ01735_PS3_K3_NIA0104 0.193540081382 761.6 528.2 780.1 647.8 741.6 652.4 723.2 532.8
OBJ05704_PS3_K3A_NIA0362 0.214246645570 990.5 57.9 1033.9 96.9 1022.9 111.3 979.5 72.2
OBJ03726_PS3_K3A_NIA0156 0.617654502392 15.7 525.1 108.6 564.1 99.6 584.0 6.8 545.0
OBJ03726_PS3_K3A_NIA0156 0.601736903191 83.6 321.5 168.2 391.9 152.3 412.6 67.7 342.2
OBJ03726_PS3_K3A_NIA0156 0.590417683125 55.9 770.1 311.7 817.8 299.9 879.0 44.1 831.3
OBJ03726_PS3_K3A_NIA0156 0.542270898819 185.7 638.2 386.7 724.0 372.9 757.8 171.9 672.0
OBJ03726_PS3_K3A_NIA0156 0.519630253315 183.5 406.0 267.4 474.3 252.9 492.2 169.0 423.9
OBJ03726_PS3_K3A_NIA0156 0.501527070999 116.2 564.4 209.5 609.7 199.6 629.4 106.3 584.1
OBJ03726_PS3_K3A_NIA0156 0.338308095932 0.9 240.7 68.0 306.6 46.0 330.0 -21.0 264.1
OBJ03726_PS3_K3A_NIA0156 0.285217314959 208.6 505.1 252.2 537.9 242.1 550.2 198.5 517.3
OBJ03726_PS3_K3A_NIA0156 0.205601438880 677.4 673.7 831.4 903.5 799.4 921.9 645.4 692.1
OBJ03542_PS3_K3A_NIA0148 0.367808461189 427.6 485.5 442.7 500.5 402.7 542.5 387.7 527.6
OBJ03542_PS3_K3A_NIA0148 0.264773964882 470.7 518.5 489.8 535.7 450.9 579.7 431.8 562.5
OBJ05137_PS3_K3A_NIA0334 0.247975245118 644.8 321.9 644.8 506.8 574.5 506.8 574.5 321.9
OBJ05035_PS3_K3A_NIA0329 0.251436322927 502.5 186.9 539.4 227.9 527.7 237.7 490.8 196.8
OBJ05035_PS3_K3A_NIA0329 0.242844194174 352.6 184.3 352.6 198.3 273.2 198.3 273.2 184.3
OBJ04103_PS3_K3A_NIA0174 0.545969307423 506.3 -12.1 533.1 3.8 443.0 153.7 416.1 137.7
OBJ04103_PS3_K3A_NIA0174 0.399742752314 517.9 253.9 577.8 288.1 567.6 303.5 507.8 269.3
OBJ04103_PS3_K3A_NIA0174 0.382793545723 513.3 225.6 596.1 270.8 584.3 291.1 501.5 245.9
OBJ04103_PS3_K3A_NIA0174 0.247921600938 430.0 364.4 446.6 369.9 426.7 451.8 410.2 446.3
OBJ04103_PS3_K3A_NIA0174 0.195512890816 538.7 110.0 551.9 117.4 529.2 152.2 515.9 144.8
OBJ03737_PS3_K3A_NIA0156 0.486334562302 599.4 474.5 622.0 482.0 594.3 555.9 571.7 548.3
OBJ03737_PS3_K3A_NIA0156 0.469402104616 368.5 103.1 385.2 116.8 341.1 172.0 324.4 158.3
OBJ03737_PS3_K3A_NIA0156 0.446337491274 662.7 192.8 687.3 201.0 665.6 272.2 641.0 264.0
OBJ03737_PS3_K3A_NIA0156 0.410667061806 680.7 203.2 702.4 208.5 685.7 274.3 664.0 269.0
OBJ03737_PS3_K3A_NIA0156 0.406778216362 426.6 240.7 446.6 254.8 400.8 320.4 380.8 306.3
OBJ03737_PS3_K3A_NIA0156 0.361255973577 109.9 585.7 169.4 599.5 165.0 618.0 105.5 604.3
OBJ03737_PS3_K3A_NIA0156 0.340016126633 857.0 81.6 872.9 94.2 845.7 127.4 829.8 114.8
OBJ03737_PS3_K3A_NIA0156 0.337791621685 518.7 173.6 537.4 178.6 523.8 224.2 505.1 219.2
OBJ03737_PS3_K3A_NIA0156 0.302285134792 87.5 558.8 140.3 572.9 135.0 591.1 82.3 577.1
OBJ03737_PS3_K3A_NIA0156 0.293446302414 802.6 60.6 816.4 71.8 783.6 112.6 769.8 101.4
OBJ03737_PS3_K3A_NIA0156 0.291090011597 887.5 98.6 899.2 115.5 861.3 142.1 849.5 125.2
OBJ03737_PS3_K3A_NIA0156 0.289917916059 496.2 318.7 516.0 323.1 506.6 361.1 486.7 356.8
OBJ03737_PS3_K3A_NIA0156 0.276943892241 513.0 321.0 530.8 326.5 521.7 361.2 503.9 355.7
OBJ03737_PS3_K3A_NIA0156 0.270817935467 825.0 75.5 837.7 87.0 810.4 117.6 797.7 106.1
OBJ03737_PS3_K3A_NIA0156 0.262408971786 175.9 63.3 188.8 72.7 154.7 117.0 141.8 107.6
OBJ03737_PS3_K3A_NIA0156 0.260017037392 618.2 344.2 639.2 348.2 628.3 400.9 607.3 396.9
OBJ03737_PS3_K3A_NIA0156 0.250391542912 641.9 196.3 659.2 202.8 641.9 258.5 624.6 252.1
OBJ03737_PS3_K3A_NIA0156 0.249420493841 437.7 308.4 456.3 313.9 445.1 358.1 426.4 352.5
OBJ03737_PS3_K3A_NIA0156 0.245942562819 461.9 308.7 478.7 314.8 463.6 362.0 446.8 355.9
OBJ03737_PS3_K3A_NIA0156 0.243015632033 616.1 189.1 639.4 197.9 619.8 260.8 596.5 252.0
OBJ03737_PS3_K3A_NIA0156 0.236167252064 689.6 50.2 705.9 54.5 692.6 102.5 676.3 98.2
OBJ03737_PS3_K3A_NIA0156 0.235004082322 592.0 188.5 614.8 194.2 602.3 250.1 579.6 244.4
OBJ03737_PS3_K3A_NIA0156 0.232958242297 538.0 490.8 551.1 496.4 535.3 538.1 522.2 532.6
OBJ03737_PS3_K3A_NIA0156 0.232058390975 336.5 584.5 362.1 613.9 353.3 623.5 327.7 594.1
OBJ03737_PS3_K3A_NIA0156 0.229174703360 75.2 603.7 121.7 615.5 118.9 630.4 72.5 618.7
OBJ03737_PS3_K3A_NIA0156 0.228247776628 691.6 365.9 704.2 370.4 691.2 409.4 678.6 404.8
OBJ03737_PS3_K3A_NIA0156 0.225401237607 244.0 655.4 284.1 673.4 277.0 686.9 236.9 668.9
OBJ03737_PS3_K3A_NIA0156 0.225112438202 584.8 334.1 602.8 339.8 593.0 374.5 574.9 368.7
OBJ03737_PS3_K3A_NIA0156 0.222560316324 521.1 492.1 535.5 497.5 522.1 535.5 507.6 530.1
OBJ03737_PS3_K3A_NIA0156 0.217833057046 762.4 265.1 806.8 276.3 795.3 319.1 750.8 307.9
OBJ03737_PS3_K3A_NIA0156 0.217055767775 847.4 517.3 892.1 535.6 884.7 549.9 840.0 531.7
OBJ03737_PS3_K3A_NIA0156 0.213302910328 175.4 805.8 212.6 818.7 206.8 831.9 169.7 819.0
OBJ03737_PS3_K3A_NIA0156 0.210043743253 893.9 426.5 906.8 431.7 889.0 472.8 876.1 467.6
OBJ03737_PS3_K3A_NIA0156 0.204459309578 221.1 355.9 259.1 366.0 253.6 381.2 215.5 371.2
OBJ03737_PS3_K3A_NIA0156 0.203876346350 575.0 183.7 594.8 190.8 577.9 242.4 558.0 235.4
OBJ03737_PS3_K3A_NIA0156 0.198034420609 83.5 459.1 95.4 462.5 84.3 505.6 72.4 502.3
OBJ03737_PS3_K3A_NIA0156 0.197143957019 65.5 573.1 79.8 579.7 63.8 621.6 49.5 615.0
OBJ03737_PS3_K3A_NIA0156 0.192371547222 361.1 561.1 385.1 589.7 373.6 600.5 349.7 571.9
OBJ03737_PS3_K3A_NIA0156 0.192021623254 227.6 323.9 265.7 335.2 262.2 347.6 224.0 336.3
OBJ03737_PS3_K3A_NIA0156 0.180931642652 704.6 370.7 719.5 376.2 707.8 417.2 692.9 411.7
OBJ03933_PS3_K3A_NIA0166 0.464211076498 304.1 131.2 304.1 251.3 281.8 251.3 281.8 131.2
OBJ03933_PS3_K3A_NIA0166 0.386204302311 184.2 849.1 202.8 851.3 198.0 910.8 179.4 908.6
OBJ03933_PS3_K3A_NIA0166 0.266931831837 225.6 642.5 225.6 724.6 199.2 724.6 199.2 642.5
OBJ03933_PS3_K3A_NIA0166 0.253369688988 205.8 856.8 222.8 859.7 218.1 914.8 201.1 911.9
OBJ03933_PS3_K3A_NIA0166 0.243263915181 214.0 744.3 214.0 798.6 194.0 798.6 194.0 744.3
OBJ03933_PS3_K3A_NIA0166 0.188053324819 229.3 398.4 255.6 398.8 249.0 483.2 222.8 482.8
OBJ04523_PS3_K3A_NIA0299 0.187966644764 381.6 642.2 416.7 673.3 409.6 683.4 374.5 652.3
OBJ04523_PS3_K3A_NIA0299 0.185194849968 41.8 488.1 52.5 491.7 42.2 540.8 31.5 537.2
OBJ04523_PS3_K3A_NIA0299 0.184469655156 230.1 475.9 244.8 478.7 236.9 528.8 222.2 526.1
OBJ03719_PS3_K3A_NIA0156 0.690129399300 386.8 453.8 642.2 503.5 629.1 563.0 373.7 513.3
OBJ03719_PS3_K3A_NIA0156 0.656977176666 512.7 330.5 705.9 410.5 693.9 443.5 500.7 363.5
OBJ03719_PS3_K3A_NIA0156 0.638440132141 506.2 93.7 594.6 160.7 580.4 181.0 492.0 113.9
OBJ03719_PS3_K3A_NIA0156 0.607385098934 344.2 212.9 439.5 254.9 430.4 274.9 335.1 232.9
OBJ03719_PS3_K3A_NIA0156 0.548502922058 405.2 3.9 495.7 78.3 480.1 99.0 389.6 24.6
OBJ03719_PS3_K3A_NIA0156 0.527385711670 443.7 255.1 540.8 299.1 532.4 317.7 435.2 273.7
OBJ03719_PS3_K3A_NIA0156 0.351059138775 341.4 504.3 848.9 586.3 837.9 634.8 330.4 552.8
OBJ03719_PS3_K3A_NIA0156 0.306468725204 536.4 192.4 571.7 221.1 561.5 231.9 526.2 203.3
OBJ03730_PS3_K3A_NIA0156 0.271646320820 894.0 256.3 923.0 304.4 904.9 316.6 875.8 268.5
OBJ03730_PS3_K3A_NIA0156 0.270098626614 504.7 81.2 514.8 95.2 470.7 128.2 460.6 114.2
OBJ03730_PS3_K3A_NIA0156 0.223053082824 1019.0 165.6 1034.9 182.3 968.9 244.8 952.9 228.2
OBJ03730_PS3_K3A_NIA0156 0.189397186041 623.8 106.8 632.1 116.1 607.6 139.3 599.2 130.0
OBJ04166_PS3_K3A_NIA0180 0.223174169660 959.9 855.9 977.6 874.4 878.2 971.4 860.5 952.8
OBJ05616_PS3_K3A_NIA0358 0.202587172389 226.3 726.4 238.2 746.4 223.8 760.2 211.9 740.3
OBJ04105_PS3_K3A_NIA0174 0.259956389666 257.7 702.3 274.5 718.2 236.6 760.1 219.8 744.2
OBJ04105_PS3_K3A_NIA0174 0.256055951118 582.5 649.2 583.0 705.7 397.4 732.3 396.9 675.9
OBJ03951_PS3_K3A_NIA0166 0.509943664074 479.6 479.6 498.4 493.6 445.3 568.2 426.4 554.2
OBJ03951_PS3_K3A_NIA0166 0.444065660238 576.4 561.7 596.0 575.9 547.5 642.1 527.9 627.9
OBJ03951_PS3_K3A_NIA0166 0.403647065163 428.4 448.2 448.4 461.8 402.5 529.7 382.5 516.2
OBJ03785_PS3_K3A_NIA0158 0.432584702969 211.7 270.1 328.2 371.2 306.5 395.9 190.0 294.9
OBJ03785_PS3_K3A_NIA0158 0.344273269176 1006.8 205.7 1023.4 221.9 926.8 327.3 910.2 311.1
OBJ03785_PS3_K3A_NIA0158 0.308843493462 41.5 554.6 118.1 575.9 113.6 595.0 37.0 573.7
OBJ03785_PS3_K3A_NIA0158 0.307049959898 35.0 374.8 63.9 382.5 36.1 479.1 7.1 471.3
OBJ03785_PS3_K3A_NIA0158 0.224089682102 119.4 422.3 135.9 426.9 119.5 489.5 103.1 484.9
OBJ03785_PS3_K3A_NIA0158 0.213776215911 89.8 275.0 119.6 281.7 78.0 406.1 48.1 399.4
OBJ05451_PS3_K3A_NIA0166 0.339331269264 629.5 655.1 648.2 718.5 630.7 723.7 612.0 660.4
OBJ05451_PS3_K3A_NIA0166 0.274688839912 508.1 632.0 525.7 677.2 510.2 683.9 492.7 638.6
OBJ05451_PS3_K3A_NIA0166 0.223290055990 712.0 462.1 727.3 489.6 655.4 529.5 640.1 502.0
OBJ05451_PS3_K3A_NIA0166 0.217881888151 664.6 722.6 696.0 815.8 676.3 820.6 644.8 727.4
OBJ05624_PS3_K3A_NIA0358 0.615038394928 148.1 378.7 225.0 444.0 210.8 462.0 133.9 396.7
OBJ05624_PS3_K3A_NIA0358 0.577653348446 735.9 39.1 752.0 53.7 684.0 130.2 667.9 115.6
OBJ05624_PS3_K3A_NIA0358 0.521755933762 19.7 236.8 137.4 343.5 106.9 376.9 -10.8 270.1
OBJ05624_PS3_K3A_NIA0358 0.510550260544 744.9 350.4 812.9 435.7 795.4 451.9 727.4 366.5
OBJ05624_PS3_K3A_NIA0358 0.490094810724 66.3 626.9 81.0 639.1 23.0 715.7 8.2 703.5
OBJ05624_PS3_K3A_NIA0358 0.490059614182 524.2 60.2 618.6 140.9 602.6 160.4 508.1 79.7
OBJ05624_PS3_K3A_NIA0358 0.471737623215 78.1 640.3 92.1 652.8 36.0 727.0 22.0 714.6
OBJ05624_PS3_K3A_NIA0358 0.427442818880 10.7 332.6 106.8 409.3 92.2 428.4 -3.9 351.7
OBJ05624_PS3_K3A_NIA0358 0.395097970963 163.4 545.1 176.4 555.7 112.2 632.7 99.3 622.1
OBJ05624_PS3_K3A_NIA0358 0.386036813259 389.3 -7.2 467.7 61.6 452.9 80.2 374.4 11.3
OBJ05624_PS3_K3A_NIA0358 0.312638252974 108.1 416.2 152.9 450.8 140.4 466.9 95.6 432.2
OBJ05624_PS3_K3A_NIA0358 0.197105586529 135.8 715.3 143.8 721.5 125.3 745.8 117.3 739.6
OBJ03739_PS3_K3A_NIA0156 0.465656697750 120.1 638.8 129.1 657.7 65.1 687.8 56.1 668.9
OBJ03739_PS3_K3A_NIA0156 0.421809583902 188.4 618.1 202.5 635.0 144.3 682.9 130.3 666.0
OBJ03739_PS3_K3A_NIA0156 0.420654922724 107.6 727.4 119.3 742.7 62.0 786.8 50.2 771.5
OBJ03739_PS3_K3A_NIA0156 0.275885879993 274.6 726.7 283.0 738.4 257.4 757.9 248.9 746.2
OBJ03739_PS3_K3A_NIA0156 0.249437525868 353.6 829.1 366.1 844.4 327.8 872.4 315.4 857.1
OBJ03739_PS3_K3A_NIA0156 0.245656058192 198.1 637.4 210.4 649.3 171.6 687.4 159.4 675.5
OBJ03739_PS3_K3A_NIA0156 0.241264045238 498.4 954.4 509.1 962.1 476.9 1006.2 466.2 998.5
OBJ03739_PS3_K3A_NIA0156 0.203203782439 348.8 855.1 360.3 865.6 330.2 891.4 318.7 881.0
OBJ03739_PS3_K3A_NIA0156 0.187434762716 541.0 985.9 552.0 994.8 528.0 1025.9 517.0 1017.0
OBJ04773_PS3_K3A_NIA0314 0.245486602187 66.0 563.6 163.5 589.7 156.5 617.3 59.0 591.1
OBJ04773_PS3_K3A_NIA0314 0.185902521014 91.0 652.8 135.6 677.3 130.0 685.9 85.4 661.5
OBJ05625_PS3_K3A_NIA0358 0.650756359100 447.0 334.9 567.7 438.4 544.5 466.5 423.8 363.0
OBJ05625_PS3_K3A_NIA0358 0.634836614132 806.6 205.0 839.5 235.6 680.9 405.7 648.1 375.2
OBJ05625_PS3_K3A_NIA0358 0.632490277290 358.8 356.7 461.0 433.2 442.1 459.8 339.9 383.3
OBJ05625_PS3_K3A_NIA0358 0.600055754185 299.6 211.6 415.9 306.3 392.9 335.1 276.5 240.4
OBJ05625_PS3_K3A_NIA0358 0.518446922302 971.4 26.9 1005.8 64.3 881.1 181.7 846.7 144.3
OBJ05625_PS3_K3A_NIA0358 0.505572319031 284.2 284.5 344.7 339.2 329.4 356.2 269.0 301.4
OBJ05625_PS3_K3A_NIA0358 0.496300041676 481.3 450.9 550.1 507.6 537.7 523.0 468.9 466.4
OBJ05625_PS3_K3A_NIA0358 0.392023056746 333.7 525.6 401.0 583.7 388.3 599.0 321.0 540.9
OBJ05625_PS3_K3A_NIA0358 0.347449481487 223.8 380.1 476.6 591.9 432.3 636.2 179.5 424.5
OBJ05625_PS3_K3A_NIA0358 0.344335734844 617.9 386.0 630.3 398.3 589.8 442.2 577.5 429.9
OBJ05625_PS3_K3A_NIA0358 0.293258219957 9.1 229.3 150.7 331.9 131.8 357.7 -9.8 255.2
OBJ05625_PS3_K3A_NIA0358 0.246330365539 42.5 520.0 68.5 544.1 60.2 553.1 34.1 529.0
OBJ05625_PS3_K3A_NIA0358 0.242828845978 290.2 262.1 366.0 333.3 350.3 350.1 274.6 278.9
OBJ05625_PS3_K3A_NIA0358 0.206621706486 110.5 579.3 146.9 614.1 136.6 625.2 100.2 590.4
OBJ05625_PS3_K3A_NIA0358 0.194860011339 40.7 504.2 69.0 528.9 61.1 538.9 32.7 514.2
OBJ05625_PS3_K3A_NIA0358 0.191987603903 308.2 502.3 334.5 523.7 319.7 540.4 293.4 519.0
OBJ05530_PS3_K3A_NIA0353 0.431210696697 667.1 807.9 686.2 812.3 671.9 884.1 652.7 879.7
OBJ05530_PS3_K3A_NIA0353 0.427487522364 694.0 702.7 710.7 706.0 698.3 785.4 681.7 782.1
OBJ05530_PS3_K3A_NIA0353 0.344793319702 708.3 709.4 721.9 712.5 713.4 780.1 699.8 777.0
OBJ05530_PS3_K3A_NIA0353 0.337192416191 681.1 665.0 681.1 716.3 660.8 716.3 660.8 665.0
OBJ05530_PS3_K3A_NIA0353 0.259885996580 534.5 432.3 561.8 469.6 552.0 477.4 524.7 440.2
OBJ05530_PS3_K3A_NIA0353 0.254081189632 392.8 197.8 418.2 302.6 395.2 307.4 369.8 202.6
OBJ05530_PS3_K3A_NIA0353 0.225620448589 640.7 934.9 657.2 938.3 648.7 986.7 632.2 983.3
OBJ05530_PS3_K3A_NIA0353 0.180156990886 473.5 570.8 493.0 599.6 479.2 609.6 459.6 580.8
OBJ03411_PS3_K3A_NIA0138 0.600932836533 583.3 685.8 606.8 706.7 512.1 817.1 488.6 796.3
OBJ03411_PS3_K3A_NIA0138 0.567722082138 757.7 484.5 792.3 519.3 623.4 681.4 588.9 646.6
OBJ03411_PS3_K3A_NIA0138 0.540117383003 865.9 363.7 885.8 382.4 796.4 479.0 776.5 460.3
OBJ03411_PS3_K3A_NIA0138 0.518377780914 469.4 809.1 488.2 824.6 442.2 882.3 423.3 866.8
OBJ03411_PS3_K3A_NIA0138 0.396146863699 877.0 873.9 1028.0 924.9 1015.3 964.8 864.3 913.7
OBJ03411_PS3_K3A_NIA0138 0.340285390615 805.1 875.1 823.6 890.9 764.5 963.3 746.0 947.5
OBJ03411_PS3_K3A_NIA0138 0.299661606550 38.7 736.2 119.2 799.1 102.8 820.5 22.3 757.6
OBJ03411_PS3_K3A_NIA0138 0.213500916958 432.8 881.1 461.0 907.7 451.1 918.1 422.8 891.6
OBJ03720_PS3_K3A_NIA0156 0.592447638512 476.1 628.8 547.6 651.1 540.5 673.6 469.0 651.3
OBJ03720_PS3_K3A_NIA0156 0.541141927242 443.3 421.2 471.2 430.2 440.3 530.1 412.4 521.1
OBJ03720_PS3_K3A_NIA0156 0.536044001579 743.4 262.7 760.8 279.0 706.4 337.5 689.0 321.2
OBJ03720_PS3_K3A_NIA0156 0.474381893873 391.0 609.7 469.4 628.6 463.5 651.3 385.1 632.4
OBJ03720_PS3_K3A_NIA0156 0.472699046135 414.3 581.1 516.8 613.1 508.5 635.8 406.1 603.9
OBJ03720_PS3_K3A_NIA0156 0.460987210274 437.7 563.9 532.0 590.9 525.6 613.6 431.3 586.6
OBJ03720_PS3_K3A_NIA0156 0.456049919128 505.6 378.7 526.3 384.9 500.4 463.7 479.7 457.5
OBJ03720_PS3_K3A_NIA0156 0.439976006746 636.9 347.7 749.5 446.2 730.9 467.8 618.4 369.3
OBJ03720_PS3_K3A_NIA0156 0.438799828291 474.1 454.7 505.7 465.3 475.0 562.7 443.4 552.1
OBJ03720_PS3_K3A_NIA0156 0.423630148172 668.7 333.2 729.1 380.9 714.3 399.9 653.9 352.2
OBJ03720_PS3_K3A_NIA0156 0.418391287327 43.1 719.3 65.5 728.1 44.9 782.8 22.4 774.0
OBJ03720_PS3_K3A_NIA0156 0.402432471514 518.4 441.9 546.2 449.7 512.1 561.5 484.3 553.6
OBJ03720_PS3_K3A_NIA0156 0.368741095066 249.0 362.0 269.4 368.5 252.3 423.4 231.9 416.9
OBJ03720_PS3_K3A_NIA0156 0.354753524065 174.0 941.9 190.3 948.4 170.3 1003.6 154.0 997.2
OBJ03720_PS3_K3A_NIA0156 0.321319550276 219.3 432.0 241.3 440.2 221.6 492.2 199.6 484.1
OBJ03720_PS3_K3A_NIA0156 0.293710142374 774.9 321.7 787.2 332.3 751.6 372.9 739.3 362.3
OBJ03720_PS3_K3A_NIA0156 0.280401289463 298.3 915.0 346.0 933.8 339.6 952.1 291.9 933.4
OBJ03720_PS3_K3A_NIA0156 0.278162628412 359.8 964.8 422.0 988.1 415.9 1007.3 353.6 984.0
OBJ03720_PS3_K3A_NIA0156 0.276038467884 338.5 976.8 402.7 1003.1 396.9 1021.2 332.7 994.9
OBJ03720_PS3_K3A_NIA0156 0.272792547941 411.4 918.8 464.9 932.9 458.3 959.3 404.8 945.2
OBJ03720_PS3_K3A_NIA0156 0.248817935586 290.1 938.8 339.3 956.0 333.9 971.2 284.7 954.0
OBJ03720_PS3_K3A_NIA0156 0.247199207544 154.6 940.0 170.7 946.6 153.4 992.9 137.4 986.3
OBJ03720_PS3_K3A_NIA0156 0.229111105204 778.3 340.6 789.2 348.9 764.1 379.9 753.1 371.6
OBJ03720_PS3_K3A_NIA0156 0.227456733584 30.6 921.4 172.1 958.7 152.7 1040.5 11.2 1003.1
OBJ03720_PS3_K3A_NIA0156 0.217499285936 496.4 775.2 514.5 779.8 504.9 822.0 486.8 817.4
OBJ03720_PS3_K3A_NIA0156 0.196113914251 570.4 445.2 584.6 460.2 541.6 476.7 527.3 461.7
OBJ05604_PS3_K3A_NIA0357 0.221242561936 513.2 554.2 520.1 583.1 511.7 584.4 504.7 555.4
OBJ05604_PS3_K3A_NIA0357 0.197030693293 521.6 453.0 530.1 482.4 520.3 480.3 511.8 450.9
OBJ05604_PS3_K3A_NIA0357 0.196186140180 481.6 401.6 489.5 422.5 483.8 427.2 475.8 406.2
OBJ05604_PS3_K3A_NIA0357 0.194187298417 503.0 461.2 511.6 490.3 483.6 485.8 475.0 456.8
OBJ05377_PS3_K3A_NIA0346 0.266159117222 682.9 840.1 723.8 886.2 715.4 894.1 674.5 848.0
OBJ05377_PS3_K3A_NIA0346 0.251180887222 599.3 969.4 625.1 999.6 616.6 1006.0 590.8 975.8
OBJ05377_PS3_K3A_NIA0346 0.228322073817 710.3 799.8 762.9 839.6 754.4 850.4 701.8 810.7
OBJ05377_PS3_K3A_NIA0346 0.200577914715 620.3 906.4 664.4 950.7 652.5 962.5 608.5 918.2
OBJ05377_PS3_K3A_NIA0346 0.189922347665 636.4 893.6 675.4 933.5 665.6 944.2 626.6 904.3
OBJ05377_PS3_K3A_NIA0346 0.186372801661 954.4 447.3 1010.8 462.9 1007.6 475.5 951.2 459.9
OBJ05029_PS3_K3A_NIA0329 0.256565868855 952.2 665.5 952.2 741.1 927.8 741.1 927.8 665.5
OBJ05430_PS3_K3A_NIA0350 0.484122872353 859.5 745.5 870.5 836.7 845.3 838.6 834.3 747.4
OBJ05430_PS3_K3A_NIA0350 0.404772222042 605.0 938.0 609.7 955.1 549.0 969.9 544.3 952.8
OBJ05430_PS3_K3A_NIA0350 0.377627044916 153.3 104.2 172.5 138.9 161.7 145.4 142.5 110.6
OBJ05430_PS3_K3A_NIA0350 0.344627141953 139.2 137.1 181.3 180.1 167.1 194.8 125.0 151.9
OBJ05430_PS3_K3A_NIA0350 0.310625553131 517.5 591.7 517.5 612.0 446.1 612.0 446.1 591.7
OBJ05430_PS3_K3A_NIA0350 0.308781117201 511.0 753.0 518.9 772.9 468.5 791.4 460.7 771.5
OBJ05430_PS3_K3A_NIA0350 0.298974514008 538.6 499.7 538.6 517.9 492.6 517.9 492.6 499.7
OBJ05430_PS3_K3A_NIA0350 0.249174177647 392.3 25.4 400.7 54.7 367.8 64.0 359.4 34.8
OBJ05430_PS3_K3A_NIA0350 0.246481344104 525.6 4.1 528.3 20.3 491.7 28.2 489.0 11.9
OBJ05430_PS3_K3A_NIA0350 0.219690412283 452.5 15.7 458.8 37.2 430.9 45.9 424.6 24.5
OBJ05430_PS3_K3A_NIA0350 0.218233123422 332.4 49.4 336.0 61.4 306.0 68.3 302.3 56.3
OBJ05430_PS3_K3A_NIA0350 0.214416757226 549.9 681.8 549.9 700.6 493.3 700.6 493.3 681.8
OBJ05430_PS3_K3A_NIA0350 0.210759773850 459.0 652.8 459.0 672.3 410.6 672.3 410.6 652.8
OBJ05430_PS3_K3A_NIA0350 0.201520174742 944.0 878.7 944.0 895.8 910.7 895.8 910.7 878.7
OBJ05430_PS3_K3A_NIA0350 0.195760175586 186.7 91.0 200.7 123.7 185.3 131.2 171.3 98.5
OBJ05430_PS3_K3A_NIA0350 0.192905440927 759.7 833.4 767.3 871.2 753.3 874.1 745.8 836.4
OBJ05430_PS3_K3A_NIA0350 0.189435705543 746.5 838.3 754.1 880.4 740.9 881.7 733.4 839.6
OBJ05430_PS3_K3A_NIA0350 0.186240360141 277.9 49.8 286.7 74.3 267.5 79.3 258.7 54.8
OBJ05430_PS3_K3A_NIA0350 0.183875292540 902.9 801.9 902.9 847.5 880.2 847.5 880.2 801.9
OBJ05476_PS3_K3A_NIA0166 0.233197435737 989.4 731.4 1001.9 749.6 930.6 796.6 918.1 778.4
OBJ05476_PS3_K3A_NIA0166 0.216460898519 868.7 482.0 883.7 504.5 795.3 563.7 780.3 541.2
