OBJ05035_PS3_K3A_NIA0329 0.608678400517 511.8 396.0 511.8 511.3 398.1 511.3 398.1 396.0
OBJ05035_PS3_K3A_NIA0329 0.514932274818 635.5 515.3 635.5 635.7 517.2 635.7 517.2 515.3
OBJ05035_PS3_K3A_NIA0329 0.252943754196 257.8 566.0 257.8 587.8 235.0 587.8 235.0 566.0
OBJ05035_PS3_K3A_NIA0329 0.191618844867 479.9 753.8 479.9 774.7 456.5 774.7 456.5 753.8
OBJ03991_PS3_K3A_NIA0166 0.379529029131 995.6 979.4 995.6 1020.8 952.7 1020.8 952.7 979.4
OBJ03698_PS3_K3A_NIA0155 0.721678674221 345.1 826.6 345.1 861.5 309.5 861.5 309.5 826.6
OBJ03698_PS3_K3A_NIA0155 0.634721040726 318.8 800.8 318.8 838.5 280.3 838.5 280.3 800.8
OBJ03698_PS3_K3A_NIA0155 0.616748929024 344.1 775.0 344.1 808.7 310.6 808.7 310.6 775.0
OBJ03698_PS3_K3A_NIA0155 0.548685431480 382.2 716.7 405.7 744.4 376.3 768.7 352.8 740.9
OBJ03698_PS3_K3A_NIA0155 0.505934417248 351.5 751.8 365.8 772.3 345.2 787.9 330.8 767.4
OBJ03698_PS3_K3A_NIA0155 0.505009472370 384.2 770.1 396.4 787.2 379.8 799.2 367.6 782.1
OBJ03698_PS3_K3A_NIA0155 0.496753692627 311.3 838.1 311.3 876.4 271.9 876.4 271.9 838.1
OBJ03698_PS3_K3A_NIA0155 0.490957379341 412.6 753.8 412.6 778.7 388.7 778.7 388.7 753.8
OBJ03698_PS3_K3A_NIA0155 0.454458624125 365.2 803.9 365.2 829.7 339.2 829.7 339.2 803.9
OBJ03698_PS3_K3A_NIA0155 0.443248242140 369.4 786.0 379.6 803.5 363.8 812.3 353.6 794.7
OBJ03698_PS3_K3A_NIA0155 0.333569973707 425.7 741.2 425.7 763.2 403.8 763.2 403.8 741.2
OBJ05018_PS3_K3A_NIA0329 0.407457500696 218.4 222.7 218.4 264.9 178.3 264.9 178.3 222.7
OBJ05018_PS3_K3A_NIA0329 0.345762401819 33.7 718.2 33.7 744.6 9.4 744.6 9.4 718.2
OBJ03730_PS3_K3A_NIA0156 0.489474505186 553.9 455.1 553.9 550.6 449.2 550.6 449.2 455.1
OBJ04007_PS3_K3A_NIA0167 0.643966197968 379.0 358.0 379.0 392.4 343.3 392.4 343.3 358.0
OBJ04007_PS3_K3A_NIA0167 0.619326353073 386.2 390.8 386.2 424.2 350.2 424.2 350.2 390.8
OBJ04007_PS3_K3A_NIA0167 0.555870234966 325.9 387.1 325.9 412.2 300.4 412.2 300.4 387.1
OBJ04007_PS3_K3A_NIA0167 0.531389355659 242.8 443.1 242.8 480.7 207.0 480.7 207.0 443.1
OBJ04007_PS3_K3A_NIA0167 0.522929131985 207.6 403.5 207.6 438.4 173.9 438.4 173.9 403.5
OBJ04007_PS3_K3A_NIA0167 0.508775115013 347.6 374.4 347.6 400.7 320.7 400.7 320.7 374.4
OBJ04007_PS3_K3A_NIA0167 0.474659502506 304.6 400.4 304.6 425.4 277.9 425.4 277.9 400.4
OBJ04007_PS3_K3A_NIA0167 0.469111084938 278.0 407.6 278.0 431.0 254.2 431.0 254.2 407.6
OBJ04007_PS3_K3A_NIA0167 0.463522970676 205.8 437.5 205.8 467.5 178.2 467.5 178.2 437.5
OBJ04007_PS3_K3A_NIA0167 0.458068639040 231.6 406.1 231.6 433.8 205.5 433.8 205.5 406.1
OBJ04007_PS3_K3A_NIA0167 0.432802975178 284.6 431.4 284.6 451.6 261.3 451.6 261.3 431.4
OBJ04007_PS3_K3A_NIA0167 0.431831240654 256.1 409.7 256.1 433.3 233.0 433.3 233.0 409.7
OBJ04007_PS3_K3A_NIA0167 0.431187957525 333.9 410.7 333.9 434.1 307.6 434.1 307.6 410.7
OBJ04007_PS3_K3A_NIA0167 0.399752497673 305.6 425.7 305.6 446.2 282.3 446.2 282.3 425.7
OBJ04007_PS3_K3A_NIA0167 0.379975795746 104.3 302.8 104.3 327.4 80.8 327.4 80.8 302.8
OBJ04007_PS3_K3A_NIA0167 0.373170822859 262.0 437.5 262.0 456.8 240.0 456.8 240.0 437.5
OBJ04007_PS3_K3A_NIA0167 0.306199520826 373.1 278.9 373.1 305.7 345.0 305.7 345.0 278.9
OBJ04007_PS3_K3A_NIA0167 0.301593065262 353.0 403.8 353.0 426.0 329.1 426.0 329.1 403.8
OBJ04007_PS3_K3A_NIA0167 0.261129111052 370.8 301.8 370.8 324.3 347.6 324.3 347.6 301.8
OBJ05367_PS3_K3A_NIA0346 0.408108770847 653.3 860.8 669.6 883.7 645.3 900.8 629.0 877.9
OBJ03785_PS3_K3A_NIA0158 0.710278213024 853.9 156.7 853.9 216.3 794.4 216.3 794.4 156.7
OBJ03785_PS3_K3A_NIA0158 0.701797544956 786.7 131.4 786.7 188.9 728.2 188.9 728.2 131.4
OBJ03785_PS3_K3A_NIA0158 0.629789829254 745.9 5.6 745.9 58.6 691.9 58.6 691.9 5.6
OBJ03785_PS3_K3A_NIA0158 0.591026604176 467.1 459.4 482.5 474.8 467.4 488.9 452.0 473.4
OBJ03785_PS3_K3A_NIA0158 0.569019973278 456.5 492.0 471.8 509.8 455.4 525.7 440.1 507.8
OBJ03785_PS3_K3A_NIA0158 0.522076368332 509.2 437.6 524.4 455.4 506.0 470.9 490.8 453.1
OBJ03785_PS3_K3A_NIA0158 0.521791219711 794.4 178.4 794.4 208.0 765.3 208.0 765.3 178.4
OBJ03785_PS3_K3A_NIA0158 0.502223253250 435.8 488.0 450.4 503.5 435.4 518.5 420.8 503.0
OBJ03785_PS3_K3A_NIA0158 0.488537162542 921.2 88.2 921.2 135.3 874.8 135.3 874.8 88.2
OBJ03785_PS3_K3A_NIA0158 0.484233200550 881.4 142.8 881.4 173.8 851.4 173.8 851.4 142.8
OBJ03785_PS3_K3A_NIA0158 0.444981634617 494.7 460.4 508.1 475.6 492.9 489.0 479.4 473.8
OBJ03785_PS3_K3A_NIA0158 0.427715897560 691.6 -1.9 691.6 22.4 663.9 22.4 663.9 -1.9
OBJ03785_PS3_K3A_NIA0158 0.412388771772 480.6 441.4 493.7 455.5 480.3 467.5 467.2 453.3
OBJ03785_PS3_K3A_NIA0158 0.403756052256 514.1 474.3 527.1 488.6 513.9 501.1 500.9 486.9
OBJ03785_PS3_K3A_NIA0158 0.402619540691 522.0 497.1 534.3 510.5 520.4 523.5 508.1 510.1
OBJ03785_PS3_K3A_NIA0158 0.390285223722 825.5 57.9 880.3 111.2 824.9 165.2 770.1 112.0
OBJ03785_PS3_K3A_NIA0158 0.374322563410 472.1 519.8 488.3 534.6 474.7 548.3 458.5 533.5
OBJ03785_PS3_K3A_NIA0158 0.367708772421 495.9 486.7 512.1 501.2 496.8 518.2 480.7 503.8
OBJ03785_PS3_K3A_NIA0158 0.329757302999 561.1 488.7 572.9 502.9 561.0 513.6 549.2 499.4
OBJ03785_PS3_K3A_NIA0158 0.325279325247 544.9 504.3 556.7 518.9 543.2 529.4 531.4 514.8
OBJ03785_PS3_K3A_NIA0158 0.290283203125 248.7 462.5 273.0 480.9 256.6 503.5 232.2 485.1
OBJ03785_PS3_K3A_NIA0158 0.282800823450 535.4 482.9 547.9 496.0 536.5 507.4 523.9 494.3
OBJ03785_PS3_K3A_NIA0158 0.245920091867 495.5 423.3 506.7 435.1 494.2 446.7 483.0 434.9
OBJ05624_PS3_K3A_NIA0358 0.606492042542 979.2 -0.4 979.2 45.7 928.2 45.7 928.2 -0.4
OBJ05624_PS3_K3A_NIA0358 0.497275322676 937.8 31.3 937.8 68.0 901.0 68.0 901.0 31.3
OBJ05624_PS3_K3A_NIA0358 0.468755990267 1026.7 23.5 1026.7 66.6 987.0 66.6 987.0 23.5
OBJ05624_PS3_K3A_NIA0358 0.396336644888 1001.8 48.3 1001.8 107.1 944.5 107.1 944.5 48.3
OBJ05624_PS3_K3A_NIA0358 0.328497618437 1025.5 114.8 1025.5 160.8 989.1 160.8 989.1 114.8
OBJ05624_PS3_K3A_NIA0358 0.303199172020 1005.1 551.8 1025.3 566.9 1010.6 585.3 990.4 570.2
OBJ04084_PS3_K3A_NIA0172 0.429707109928 995.7 380.1 995.7 410.1 966.2 410.1 966.2 380.1
OBJ04084_PS3_K3A_NIA0172 0.213909357786 1025.8 390.6 1025.8 424.2 1002.5 424.2 1002.5 390.6
OBJ05625_PS3_K3A_NIA0358 0.553556323051 40.8 761.3 40.8 795.6 7.1 795.6 7.1 761.3
OBJ05625_PS3_K3A_NIA0358 0.548561155796 58.2 743.5 58.2 773.4 27.6 773.4 27.6 743.5
OBJ05625_PS3_K3A_NIA0358 0.457175850868 36.7 724.9 36.7 753.5 7.5 753.5 7.5 724.9
OBJ05625_PS3_K3A_NIA0358 0.252471745014 879.1 124.8 906.5 149.9 878.6 179.7 851.1 154.5
OBJ03906_PS3_K3A_NIA0165 0.451743900776 446.2 615.2 446.2 654.9 407.0 654.9 407.0 615.2
OBJ03906_PS3_K3A_NIA0165 0.367028981447 419.8 587.7 419.8 629.0 379.4 629.0 379.4 587.7
OBJ03411_PS3_K3A_NIA0138 0.734486162663 447.6 383.3 447.6 448.3 380.7 448.3 380.7 383.3
OBJ03411_PS3_K3A_NIA0138 0.720791161060 480.4 515.4 480.4 580.3 413.3 580.3 413.3 515.4
OBJ03411_PS3_K3A_NIA0138 0.659152746201 541.6 543.1 541.6 606.2 479.8 606.2 479.8 543.1
OBJ03411_PS3_K3A_NIA0138 0.639531433582 488.9 342.0 488.9 405.3 423.3 405.3 423.3 342.0
OBJ03411_PS3_K3A_NIA0138 0.600400447845 279.6 797.5 279.6 825.9 250.5 825.9 250.5 797.5
OBJ03411_PS3_K3A_NIA0138 0.570815801620 413.2 355.5 413.2 389.6 375.5 389.6 375.5 355.5
OBJ03411_PS3_K3A_NIA0138 0.564221262932 329.4 824.0 329.4 853.0 299.2 853.0 299.2 824.0
OBJ03411_PS3_K3A_NIA0138 0.561862409115 152.0 880.6 152.0 908.0 124.5 908.0 124.5 880.6
OBJ03411_PS3_K3A_NIA0138 0.553789615631 207.6 823.7 207.6 854.3 176.2 854.3 176.2 823.7
OBJ03411_PS3_K3A_NIA0138 0.546169459820 161.8 846.2 161.8 873.3 128.7 873.3 128.7 846.2
OBJ03411_PS3_K3A_NIA0138 0.545796334743 751.9 291.5 751.9 318.1 722.8 318.1 722.8 291.5
OBJ03411_PS3_K3A_NIA0138 0.542030632496 463.7 284.5 463.7 315.2 430.4 315.2 430.4 284.5
OBJ03411_PS3_K3A_NIA0138 0.531913578510 426.5 323.0 426.5 356.9 389.3 356.9 389.3 323.0
OBJ03411_PS3_K3A_NIA0138 0.523409724236 385.4 377.6 385.4 411.4 348.7 411.4 348.7 377.6
OBJ03411_PS3_K3A_NIA0138 0.495217621326 260.2 873.0 260.2 898.7 231.8 898.7 231.8 873.0
OBJ03411_PS3_K3A_NIA0138 0.491123586893 302.6 812.2 302.6 841.1 272.2 841.1 272.2 812.2
OBJ03411_PS3_K3A_NIA0138 0.481652826071 586.0 470.1 609.2 498.7 578.8 523.2 555.5 494.6
OBJ03411_PS3_K3A_NIA0138 0.476556628942 473.4 312.7 473.4 343.7 437.5 343.7 437.5 312.7
OBJ03411_PS3_K3A_NIA0138 0.476153999567 191.3 846.9 191.3 871.6 163.2 871.6 163.2 846.9
OBJ03411_PS3_K3A_NIA0138 0.472456306219 300.9 764.7 300.9 793.1 270.6 793.1 270.6 764.7
OBJ03411_PS3_K3A_NIA0138 0.470344632864 554.2 520.6 577.0 540.2 556.7 562.6 533.9 543.0
OBJ03411_PS3_K3A_NIA0138 0.462944000959 217.6 886.5 217.6 910.1 191.0 910.1 191.0 886.5
OBJ03411_PS3_K3A_NIA0138 0.462474673986 745.3 316.2 745.3 340.2 717.5 340.2 717.5 316.2
OBJ03411_PS3_K3A_NIA0138 0.456135034561 247.3 724.0 260.8 739.4 244.4 751.2 231.0 735.7
OBJ03411_PS3_K3A_NIA0138 0.451280802488 757.4 339.5 757.4 364.4 729.9 364.4 729.9 339.5
OBJ03411_PS3_K3A_NIA0138 0.444183409214 162.5 907.2 162.5 933.7 129.1 933.7 129.1 907.2
OBJ03411_PS3_K3A_NIA0138 0.430166155100 718.5 293.6 718.5 320.1 691.2 320.1 691.2 293.6
OBJ03411_PS3_K3A_NIA0138 0.425264090300 193.8 877.9 193.8 904.2 162.0 904.2 162.0 877.9
OBJ03411_PS3_K3A_NIA0138 0.419397354126 234.7 741.3 249.0 760.8 230.5 775.2 216.3 755.6
OBJ03411_PS3_K3A_NIA0138 0.418240934610 325.9 791.3 325.9 816.3 300.3 816.3 300.3 791.3
OBJ03411_PS3_K3A_NIA0138 0.417441129684 707.6 264.9 707.6 292.4 674.3 292.4 674.3 264.9
OBJ03411_PS3_K3A_NIA0138 0.411641091108 232.5 866.6 232.5 890.5 207.1 890.5 207.1 866.6
OBJ03411_PS3_K3A_NIA0138 0.399520069361 211.2 861.0 211.2 884.3 186.2 884.3 186.2 861.0
OBJ03411_PS3_K3A_NIA0138 0.389675199986 299.9 791.5 299.9 815.6 273.2 815.6 273.2 791.5
OBJ03411_PS3_K3A_NIA0138 0.356796294451 723.3 275.4 723.3 296.4 700.2 296.4 700.2 275.4
OBJ03411_PS3_K3A_NIA0138 0.353174269199 506.1 444.1 560.3 492.3 512.4 547.3 458.2 499.0
OBJ03411_PS3_K3A_NIA0138 0.295244932175 170.4 827.9 170.4 850.3 145.8 850.3 145.8 827.9
OBJ03411_PS3_K3A_NIA0138 0.250950247049 613.2 480.8 627.4 497.2 608.6 510.5 594.4 494.1
OBJ03411_PS3_K3A_NIA0138 0.224959686399 269.1 762.7 269.1 792.8 235.8 792.8 235.8 762.7
OBJ03411_PS3_K3A_NIA0138 0.222949430346 550.5 454.6 565.2 470.2 549.9 483.7 535.2 468.0
OBJ03411_PS3_K3A_NIA0138 0.202992066741 232.9 909.9 232.9 931.6 204.6 931.6 204.6 909.9
OBJ03411_PS3_K3A_NIA0138 0.190754517913 508.3 278.4 514.5 298.3 480.2 308.7 474.0 288.8
OBJ03825_PS3_K3A_NIA0160 0.713831245899 510.4 478.1 510.4 535.4 452.7 535.4 452.7 478.1
OBJ03825_PS3_K3A_NIA0160 0.653348684311 467.9 44.7 467.9 96.5 414.2 96.5 414.2 44.7
OBJ03825_PS3_K3A_NIA0160 0.649233341217 441.7 479.9 441.7 535.8 385.1 535.8 385.1 479.9
OBJ03825_PS3_K3A_NIA0160 0.623326539993 621.7 939.0 621.7 963.7 597.2 963.7 597.2 939.0
OBJ03825_PS3_K3A_NIA0160 0.622636437416 474.6 109.7 474.6 164.7 418.1 164.7 418.1 109.7
OBJ03825_PS3_K3A_NIA0160 0.595986664295 523.9 57.8 523.9 87.2 494.6 87.2 494.6 57.8
OBJ03825_PS3_K3A_NIA0160 0.593924820423 522.8 15.7 522.8 44.5 494.3 44.5 494.3 15.7
OBJ03825_PS3_K3A_NIA0160 0.592155814171 630.3 486.6 630.3 529.2 587.6 529.2 587.6 486.6
OBJ03825_PS3_K3A_NIA0160 0.584248363972 813.0 621.0 813.0 651.6 782.7 651.6 782.7 621.0
OBJ03825_PS3_K3A_NIA0160 0.579139173031 596.7 907.8 596.7 933.8 569.3 933.8 569.3 907.8
OBJ03825_PS3_K3A_NIA0160 0.530468702316 525.4 102.3 525.4 134.0 493.9 134.0 493.9 102.3
OBJ03825_PS3_K3A_NIA0160 0.500044941902 575.1 485.5 575.1 528.4 533.4 528.4 533.4 485.5
OBJ03825_PS3_K3A_NIA0160 0.455536097288 344.8 255.4 344.8 277.6 322.6 277.6 322.6 255.4
OBJ03825_PS3_K3A_NIA0160 0.421937882900 337.7 235.1 337.7 256.9 313.8 256.9 313.8 235.1
OBJ03825_PS3_K3A_NIA0160 0.420155882835 812.7 649.6 812.7 680.3 780.9 680.3 780.9 649.6
OBJ03825_PS3_K3A_NIA0160 0.404871791601 624.5 908.2 624.5 935.0 598.1 935.0 598.1 908.2
OBJ03825_PS3_K3A_NIA0160 0.358803808689 362.3 240.3 362.3 266.8 335.4 266.8 335.4 240.3
OBJ03825_PS3_K3A_NIA0160 0.315330684185 632.8 802.8 632.8 835.9 600.5 835.9 600.5 802.8
OBJ03825_PS3_K3A_NIA0160 0.288278132677 405.0 700.0 405.0 732.9 371.8 732.9 371.8 700.0
OBJ03825_PS3_K3A_NIA0160 0.232811063528 586.8 933.1 586.8 959.0 564.0 959.0 564.0 933.1
OBJ03720_PS3_K3A_NIA0156 0.559831440449 973.0 577.6 973.0 600.4 947.7 600.4 947.7 577.6
OBJ03720_PS3_K3A_NIA0156 0.549188435078 920.5 537.6 920.5 563.6 891.5 563.6 891.5 537.6
OBJ03720_PS3_K3A_NIA0156 0.534976840019 911.5 575.1 911.5 600.5 885.0 600.5 885.0 575.1
OBJ03720_PS3_K3A_NIA0156 0.506576120853 991.2 559.6 991.2 580.4 968.1 580.4 968.1 559.6
OBJ03720_PS3_K3A_NIA0156 0.496104896069 947.2 569.9 947.2 593.6 920.1 593.6 920.1 569.9
OBJ03720_PS3_K3A_NIA0156 0.491144120693 946.6 538.4 946.6 562.0 921.6 562.0 921.6 538.4
OBJ03720_PS3_K3A_NIA0156 0.483464837074 921.6 598.5 921.6 623.5 891.7 623.5 891.7 598.5
OBJ03720_PS3_K3A_NIA0156 0.430733621120 965.9 552.3 965.9 575.2 941.5 575.2 941.5 552.3
OBJ03720_PS3_K3A_NIA0156 0.426016956568 966.2 516.2 966.2 542.9 938.5 542.9 938.5 516.2
OBJ03720_PS3_K3A_NIA0156 0.423841327429 1001.0 582.9 1001.0 607.2 974.0 607.2 974.0 582.9
OBJ03720_PS3_K3A_NIA0156 0.407827854156 1015.8 565.5 1015.8 587.8 987.0 587.8 987.0 565.5
OBJ03720_PS3_K3A_NIA0156 0.396648377180 949.9 500.8 949.9 527.9 918.9 527.9 918.9 500.8
OBJ03720_PS3_K3A_NIA0156 0.385837376118 752.5 536.3 752.5 575.9 711.5 575.9 711.5 536.3
OBJ03720_PS3_K3A_NIA0156 0.322735607624 932.5 518.4 932.5 541.5 906.2 541.5 906.2 518.4
OBJ03720_PS3_K3A_NIA0156 0.265563607216 694.5 543.3 718.9 563.8 701.4 581.0 676.9 560.5
OBJ05102_PS3_K3A_NIA0333 0.308060288429 858.8 850.4 858.8 919.1 790.3 919.1 790.3 850.4
OBJ05102_PS3_K3A_NIA0333 0.292536377907 567.4 863.3 567.4 924.5 506.1 924.5 506.1 863.3
OBJ05308_PS3_K3A_NIA0344 0.608540773392 428.7 578.1 454.5 613.7 415.2 643.3 389.4 607.7
OBJ05308_PS3_K3A_NIA0344 0.593893706799 470.2 447.6 488.2 469.2 464.5 488.7 446.5 467.1
OBJ05308_PS3_K3A_NIA0344 0.564948379993 519.1 425.4 539.6 450.3 513.7 471.5 493.2 446.6
OBJ05308_PS3_K3A_NIA0344 0.556544721127 560.7 679.9 586.9 709.7 554.0 739.0 527.8 709.2
OBJ05308_PS3_K3A_NIA0344 0.543733417988 511.3 541.9 537.2 582.1 493.0 611.0 467.1 570.8
OBJ05308_PS3_K3A_NIA0344 0.538205623627 370.8 489.6 384.8 511.3 361.5 526.6 347.5 504.9
OBJ05308_PS3_K3A_NIA0344 0.529554843903 418.7 467.4 436.2 490.1 412.2 508.3 394.7 485.6
OBJ05308_PS3_K3A_NIA0344 0.488472908735 589.9 508.2 617.5 547.1 573.2 578.0 545.5 539.1
OBJ05308_PS3_K3A_NIA0344 0.445145994425 630.8 360.3 630.8 416.3 574.3 416.3 574.3 360.3
OBJ05308_PS3_K3A_NIA0344 0.444003045559 638.6 636.8 665.2 676.6 622.8 705.0 596.3 665.2
OBJ05308_PS3_K3A_NIA0344 0.431739479303 691.1 471.4 713.2 505.7 674.4 531.9 652.3 497.7
OBJ05308_PS3_K3A_NIA0344 0.232251778245 696.8 393.4 696.8 417.4 672.6 417.4 672.6 393.4
OBJ04450_PS3_K3A_NIA0292 0.404388219118 458.7 1002.6 458.7 1022.2 433.9 1022.2 433.9 1002.6
OBJ04450_PS3_K3A_NIA0292 0.275280117989 521.1 992.6 521.1 1023.2 470.8 1023.2 470.8 992.6
OBJ04450_PS3_K3A_NIA0292 0.191168561578 943.3 896.5 943.3 912.2 921.7 912.2 921.7 896.5
OBJ03619_PS3_K3A_NIA0151 0.844702184200 639.3 840.2 668.8 901.9 606.0 930.9 576.5 869.2
OBJ03619_PS3_K3A_NIA0151 0.824271261692 749.6 771.4 785.8 830.4 724.0 866.1 687.8 807.1
OBJ03619_PS3_K3A_NIA0151 0.787413954735 586.1 737.3 611.3 781.1 566.6 806.8 541.5 763.0
OBJ03619_PS3_K3A_NIA0151 0.784537732601 486.7 439.1 510.7 483.0 465.6 507.2 441.6 463.4
OBJ03619_PS3_K3A_NIA0151 0.779030919075 845.7 892.6 845.7 973.4 761.8 973.4 761.8 892.6
OBJ03619_PS3_K3A_NIA0151 0.774387061596 540.4 406.5 565.6 450.7 520.8 475.9 495.6 431.7
OBJ03619_PS3_K3A_NIA0151 0.769642055035 512.3 351.2 535.7 397.1 488.9 420.2 465.6 374.4
OBJ03619_PS3_K3A_NIA0151 0.761833906174 640.4 704.4 666.1 748.0 621.2 774.4 595.4 730.8
OBJ03619_PS3_K3A_NIA0151 0.761744320393 504.9 558.9 542.1 612.6 489.3 646.9 452.1 593.2
OBJ03619_PS3_K3A_NIA0151 0.749360024929 432.3 468.4 457.5 513.4 411.6 539.4 386.4 494.4
OBJ03619_PS3_K3A_NIA0151 0.741078019142 614.9 536.6 648.1 578.7 605.0 612.2 571.8 570.1
OBJ03619_PS3_K3A_NIA0151 0.726106822491 709.2 955.4 732.5 1009.3 670.1 1033.0 646.8 979.1
OBJ03619_PS3_K3A_NIA0151 0.720103204250 690.0 672.1 722.0 712.0 680.2 745.9 648.2 706.0
OBJ03619_PS3_K3A_NIA0151 0.707155406475 399.3 416.6 422.0 458.9 379.5 481.5 356.8 439.2
OBJ03619_PS3_K3A_NIA0151 0.697340965271 549.9 682.9 578.2 721.9 537.8 751.4 509.4 712.4
OBJ03619_PS3_K3A_NIA0151 0.687575936317 606.9 649.4 637.1 689.2 595.5 720.0 565.3 680.2
OBJ03619_PS3_K3A_NIA0151 0.679617643356 586.4 485.0 613.2 527.8 568.1 554.8 541.2 512.0
OBJ03619_PS3_K3A_NIA0151 0.673043072224 660.5 614.5 693.2 655.2 651.1 689.4 618.5 648.6
OBJ03619_PS3_K3A_NIA0151 0.646123468876 455.4 313.0 469.2 328.3 453.7 341.8 439.9 326.5
OBJ03619_PS3_K3A_NIA0151 0.626268804073 455.4 386.7 475.9 430.5 431.1 450.8 410.6 407.1
OBJ03619_PS3_K3A_NIA0151 0.529564261436 402.8 345.9 414.7 360.9 399.7 373.0 387.8 358.0
OBJ03619_PS3_K3A_NIA0151 0.512455403805 477.0 300.5 489.8 316.7 475.7 328.4 462.9 312.2
OBJ03619_PS3_K3A_NIA0151 0.499926805496 424.6 333.0 436.9 348.4 421.8 359.8 409.6 344.4
OBJ03619_PS3_K3A_NIA0151 0.404990851879 389.7 321.1 401.8 336.0 386.5 348.3 374.4 333.5
OBJ03619_PS3_K3A_NIA0151 0.394689440727 414.6 310.7 427.0 325.9 410.4 338.1 398.0 322.9
OBJ03619_PS3_K3A_NIA0151 0.270424634218 313.4 333.8 327.9 349.9 313.3 361.0 298.8 344.9
OBJ03702_PS3_K3A_NIA0155 0.686407387257 492.1 575.5 508.2 599.4 483.1 616.1 467.0 592.2
OBJ03702_PS3_K3A_NIA0155 0.666841447353 511.4 503.2 527.7 522.8 507.6 539.9 491.3 520.4
OBJ03702_PS3_K3A_NIA0155 0.606458485126 452.0 588.4 469.7 610.3 446.1 628.9 428.4 607.0
OBJ03702_PS3_K3A_NIA0155 0.591878056526 505.7 526.2 505.7 561.1 470.3 561.1 470.3 526.2
OBJ03702_PS3_K3A_NIA0155 0.561978220940 544.0 521.8 557.9 538.6 541.7 551.4 527.8 534.6
OBJ03702_PS3_K3A_NIA0155 0.551908195019 538.2 466.5 565.0 494.4 536.2 522.2 509.4 494.3
OBJ03702_PS3_K3A_NIA0155 0.528161585331 480.6 551.1 480.6 591.3 439.7 591.3 439.7 551.1
OBJ03702_PS3_K3A_NIA0155 0.422372549772 515.2 553.7 527.4 569.4 510.9 581.7 498.8 566.0
OBJ03702_PS3_K3A_NIA0155 0.412478297949 563.6 502.3 575.9 519.0 560.0 531.6 547.7 515.0
OBJ03702_PS3_K3A_NIA0155 0.306227147579 528.6 537.9 540.1 554.3 525.4 563.8 513.9 547.5
OBJ03702_PS3_K3A_NIA0155 0.224437221885 578.3 490.1 588.4 505.2 572.5 516.8 562.4 501.6
