OBJ01735_PS3_K3_NIA0104 0.189732491970 917.5 302.1 934.8 469.8 883.7 472.7 866.4 305.0
OBJ01735_PS3_K3_NIA0104 0.188618496060 587.2 142.4 619.8 385.1 565.7 389.8 533.0 147.1
OBJ04571_PS3_K3A_NIA0301 0.198691681027 347.5 435.7 431.5 454.6 414.5 541.0 330.5 522.1
OBJ03933_PS3_K3A_NIA0166 0.222680404782 9.9 96.6 331.4 318.3 293.3 367.8 -28.3 146.1
OBJ05595_PS3_K3A_NIA0357 0.453065037727 860.8 213.2 860.8 264.4 747.9 264.4 747.9 213.2
OBJ05018_PS3_K3A_NIA0329 0.206164062023 462.3 194.1 479.8 201.4 461.8 243.6 444.3 236.2
OBJ05018_PS3_K3A_NIA0329 0.204909414053 754.3 382.6 770.1 391.6 746.5 431.9 730.7 422.9
OBJ05018_PS3_K3A_NIA0329 0.183323860168 769.1 392.2 777.0 396.2 757.2 433.6 749.4 429.6
OBJ05700_PS3_K3A_NIA0362 0.417240291834 289.2 541.3 303.0 632.8 269.4 637.9 255.6 546.4
OBJ05700_PS3_K3A_NIA0362 0.301434725523 77.4 628.7 104.2 703.4 51.7 724.9 25.0 650.2
OBJ05700_PS3_K3A_NIA0362 0.233444869518 619.8 479.3 619.8 590.6 558.9 590.6 558.9 479.3
OBJ05700_PS3_K3A_NIA0362 0.218990996480 946.5 486.5 991.4 486.0 986.7 597.7 941.9 598.2
OBJ04166_PS3_K3A_NIA0180 0.321148931980 310.5 -44.4 354.0 -22.1 115.0 469.0 71.4 446.6
OBJ05367_PS3_K3A_NIA0346 0.385839730501 644.3 718.3 712.7 820.8 669.8 851.0 601.4 748.6
OBJ05367_PS3_K3A_NIA0346 0.368531823158 879.7 473.8 969.2 540.3 948.3 569.3 858.9 502.9
OBJ05451_PS3_K3A_NIA0166 0.487107157707 360.8 417.1 372.0 559.0 318.8 560.3 307.6 418.4
OBJ05451_PS3_K3A_NIA0166 0.437953919172 742.8 910.7 758.5 956.8 611.4 1008.2 595.6 962.2
OBJ05451_PS3_K3A_NIA0166 0.329835176468 671.2 362.3 735.5 479.9 713.0 492.2 648.7 374.6
OBJ05778_PS3_K3A_NIA0368 0.362759023905 532.3 456.2 579.4 478.1 565.5 507.6 518.4 485.8
OBJ05778_PS3_K3A_NIA0368 0.329586952925 256.2 885.7 316.3 913.3 303.2 940.8 243.1 913.2
OBJ05778_PS3_K3A_NIA0368 0.202160850167 731.6 139.6 764.1 214.4 728.6 230.9 696.1 156.0
OBJ03801_PS3_K3A_NIA0159 0.232930392027 511.4 415.1 651.7 457.9 641.3 493.7 501.0 450.9
OBJ03801_PS3_K3A_NIA0159 0.223713055253 499.0 449.5 633.2 488.4 612.0 554.6 477.9 515.7
OBJ05029_PS3_K3A_NIA0329 0.504665911198 853.3 590.3 978.6 601.0 972.9 657.7 847.6 647.0
OBJ04632_PS3_K3A_NIA0304 0.223426625133 6.4 141.6 35.2 146.5 28.6 174.1 -0.2 169.3
OBJ04659_PS3_K3A_NIA0309 0.260800957680 899.7 319.8 950.4 332.7 939.6 374.0 888.9 361.1
OBJ04106_PS3_K3A_NIA0174 0.337165564299 927.2 675.3 927.2 694.2 871.0 694.2 871.0 675.3
